Div,Date,HomeTeam,AwayTeam,FTHG,FTAG,FTR,HTHG,HTAG,HTR,B365H,B365D,B365A,BWH,BWD,BWA,IWH,IWD,IWA,LBH,LBD,LBA,PSH,PSD,PSA,WHH,WHD,WHA,VCH,VCD,VCA,Bb1X2,BbMxH,BbAvH,BbMxD,BbAvD,BbMxA,BbAvA,BbOU,BbMx>2.5,BbAv>2.5,BbMx<2.5,BbAv<2.5,BbAH,BbAHh,BbMxAHH,BbAvAHH,BbMxAHA,BbAvAHA,PSCH,PSCD,PSCA
I2,25/08/17,Parma,Cremonese,1,0,H,1,0,H,1.91,3.3,4.2,1.85,3.4,4.5,1.9,3.1,3.9,1.95,3.1,4,1.99,3.29,4.55,2,3.2,3.8,1.95,3.2,4.5,33,2.01,1.92,3.4,3.19,4.6,4.15,28,2.35,2.23,1.67,1.62,12,-0.5,2.01,1.96,1.96,1.91,2.02,3.28,4.45
I2,26/08/17,Avellino,Brescia,2,1,H,0,1,A,2.05,3.2,3.8,2.1,3.2,3.7,2,3.05,3.55,2.05,3.1,3.5,2.13,3.24,4.06,2.05,3.1,3.75,2.1,3.13,3.9,32,2.16,2.06,3.24,3.14,4.06,3.65,31,2.25,2.13,1.75,1.69,13,-0.25,1.84,1.8,2.12,2.07,2.08,3.34,4.09
I2,26/08/17,Carpi,Novara,1,0,H,1,0,H,2.1,3.1,3.8,2.15,3.1,3.7,2.05,3,3.5,2.1,3,3.6,2.17,3.07,4.17,2.05,3,3.8,2.15,3,4,33,2.18,2.09,3.1,3.02,4.17,3.71,28,2.63,2.46,1.53,1.51,13,-0.25,1.86,1.82,2.09,2.05,2.32,3.06,3.75
I2,26/08/17,Cittadella,Ascoli,3,2,H,3,1,H,1.85,3.2,4.75,1.87,3.4,4.4,1.8,3.3,4.05,1.83,3.4,4.2,1.85,3.54,4.98,1.83,3.5,4,1.83,3.4,4.75,34,1.9,1.83,3.54,3.37,4.98,4.29,33,2.06,1.98,1.88,1.79,13,-0.5,1.89,1.85,2.07,2.01,1.61,4.19,6.08
I2,26/08/17,Palermo,Spezia,2,0,H,1,0,H,1.91,3.3,4.2,1.87,3.4,4.4,1.85,3.2,4.05,1.87,3.2,4.2,1.93,3.34,4.75,1.91,3.2,4,1.87,3.25,4.75,33,1.95,1.87,3.4,3.25,4.77,4.25,31,2.25,2.16,1.72,1.66,12,-0.5,1.94,1.91,2.01,1.96,2.13,3.1,4.29
I2,26/08/17,Pro Vercelli,Frosinone,0,2,A,0,1,A,3.3,3.1,2.3,3.2,3.1,2.35,3.05,2.95,2.25,3.1,3,2.35,3.45,3.12,2.41,3.25,3,2.25,3.3,3,2.4,33,3.45,3.16,3.15,3.02,2.41,2.32,28,2.35,2.24,1.64,1.6,13,0.25,1.87,1.83,2.07,2.03,3.78,3.07,2.3
I2,26/08/17,Ternana,Empoli,1,1,D,1,1,D,3.6,3.1,2.15,3.7,3.1,2.15,3.3,3,2.1,3.4,3.1,2.15,3.98,3.15,2.19,3.5,3,2.15,3.7,3.1,2.2,32,3.98,3.48,3.2,3.08,2.2,2.15,27,2.31,2.22,1.66,1.61,13,0.25,2.06,2.01,1.9,1.85,3.76,3.18,2.25
I2,26/08/17,Venezia,Salernitana,0,0,D,0,0,D,2.38,3.1,3.1,2.35,3.1,3.25,2.3,2.95,2.95,2.35,3,3.1,2.51,3.07,3.35,2.4,3,3,2.45,3,3.3,32,2.51,2.38,3.1,3.01,3.35,3.09,27,2.5,2.39,1.57,1.54,12,-0.25,2.11,2.06,1.86,1.81,2.38,3.1,3.55
I2,26/08/17,Virtus Entella,Perugia,1,5,A,1,4,A,2.4,3.1,3.1,2.5,3.1,3,2.35,2.9,2.95,2.4,3,3,2.52,3.06,3.32,2.4,2.9,3.1,2.5,2.9,3.3,32,2.52,2.41,3.1,3,3.32,3.06,27,2.5,2.4,1.57,1.53,13,-0.25,2.12,2.08,1.83,1.8,2.67,3.11,3.04
I2,27/08/17,Pescara,Foggia,5,1,H,1,0,H,1.8,3.6,4.33,1.78,3.7,4.4,1.75,3.6,3.9,1.75,3.7,3.9,1.79,3.78,4.96,1.8,3.6,4,1.8,3.75,4.4,32,1.8,1.76,3.8,3.62,4.96,4.24,27,1.55,1.53,2.63,2.41,12,-0.75,2.07,2.02,1.91,1.84,1.97,3.77,3.96
I2,28/08/17,Bari,Cesena,3,0,H,1,0,H,2,3.2,4,1.95,3.2,4.25,1.95,3.05,3.8,1.95,3.1,3.9,2,3.28,4.53,1.95,3.1,4,2,3.13,4.33,31,2.02,1.95,3.28,3.16,4.53,3.97,27,2.31,2.23,1.66,1.61,12,-0.5,2.03,1.99,1.92,1.86,2.09,3.12,4.41
I2,02/09/17,Brescia,Palermo,0,0,D,0,0,D,2.15,3.2,3.5,2.1,3.1,3.5,2.1,3.05,3.3,2.15,3.1,3.4,2.21,3.23,3.78,2.2,3.1,3.3,2.2,3.1,3.6,38,2.21,2.14,3.23,3.1,3.78,3.43,33,2.26,2.17,1.72,1.65,16,-0.25,1.93,1.88,2.02,1.97,2.51,3.05,3.34
I2,03/09/17,Ascoli,Pro Vercelli,1,0,H,1,0,H,2.3,3,3.4,2.3,3,3.2,2.2,2.9,3.2,2.25,3,3.2,2.39,3.03,3.6,2.3,3,3.2,2.3,3,3.5,36,2.39,2.28,3.05,2.98,3.6,3.28,31,2.52,2.37,1.6,1.55,15,-0.25,2.02,1.97,1.92,1.88,2.78,3.07,2.94
I2,03/09/17,Cesena,Venezia,0,0,D,0,0,D,2.2,3.1,3.5,2.15,3,3.5,2.2,2.9,3.2,2.25,3,3.3,2.35,3.04,3.72,2.2,3,3.4,2.3,3,3.6,36,2.35,2.23,3.1,2.98,3.72,3.38,31,2.53,2.38,1.57,1.54,15,-0.25,1.99,1.94,1.95,1.91,2.38,3.11,3.53
I2,03/09/17,Cremonese,Avellino,3,1,H,2,1,H,2,3.1,4.2,2.05,3.1,3.7,1.95,3.05,3.65,2.05,3.1,3.6,2.12,3.22,4.14,2.05,3.2,3.6,2.05,3.13,4.1,37,2.12,2.03,3.22,3.11,4.2,3.76,32,2.25,2.15,1.73,1.67,15,-0.5,2.12,2.05,1.86,1.81,1.85,3.51,4.98
I2,03/09/17,Empoli,Bari,3,2,H,2,1,H,2.1,3.1,3.8,2,3.2,3.8,2.1,3,3.4,2.15,3,3.5,2.22,3.16,3.88,2.1,3.1,3.6,2.15,3,3.9,36,2.23,2.12,3.2,3.05,3.9,3.55,31,2.42,2.3,1.62,1.58,14,-0.25,1.89,1.84,2.06,2.02,2.26,3.28,3.6
I2,03/09/17,Foggia,Virtus Entella,1,1,D,1,1,D,1.83,3.3,4.6,1.85,3.25,4.25,1.75,3.3,4.2,1.8,3.4,4.2,1.85,3.49,5,1.8,3.5,4.2,1.83,3.4,4.75,37,1.87,1.81,3.5,3.36,5,4.36,34,2.12,2,1.84,1.77,16,-0.5,1.87,1.83,2.06,2.02,1.67,4.05,5.54
I2,03/09/17,Frosinone,Cittadella,2,1,H,2,1,H,1.91,3.25,4.33,2,3.2,3.8,1.9,3.15,3.75,1.95,3.3,3.7,2.01,3.32,4.43,2,3.3,3.6,1.95,3.3,4.2,37,2.01,1.95,3.32,3.22,4.43,3.9,35,2.07,1.97,1.88,1.8,15,-0.5,2.01,1.97,1.93,1.88,2.08,3.52,3.86
I2,03/09/17,Novara,Parma,0,1,A,0,1,A,2.5,3,3,2.65,2.9,2.8,2.45,2.85,2.8,2.5,2.9,2.9,2.73,3,3.07,2.5,3,2.88,2.63,2.88,3.1,36,2.73,2.54,3,2.92,3.1,2.9,30,2.62,2.46,1.55,1.5,15,0,1.83,1.79,2.12,2.07,2.82,2.91,3.08
I2,03/09/17,Perugia,Pescara,4,2,H,2,0,H,2.25,3.4,3.1,2.25,3.3,3,2.15,3.25,2.9,2.2,3.5,2.87,2.37,3.43,3.21,2.38,3.3,2.8,2.3,3.5,3.1,37,2.38,2.26,3.5,3.33,3.21,2.98,32,1.62,1.58,2.4,2.28,15,-0.25,2.03,1.98,1.93,1.87,1.86,3.95,4.24
I2,03/09/17,Spezia,Carpi,0,1,A,0,1,A,2.25,3.1,3.4,2.25,3,3.3,2.2,2.9,3.15,2.25,2.9,3.3,2.36,3.01,3.71,2.25,3,3.3,2.3,3,3.6,36,2.36,2.25,3.1,2.97,3.71,3.34,31,2.59,2.47,1.53,1.51,15,-0.25,1.99,1.94,1.97,1.91,2.24,3.06,3.96
I2,04/09/17,Salernitana,Ternana,3,3,D,1,2,A,1.8,3.5,4.5,1.78,3.3,4.75,1.75,3.25,4.3,1.8,3.3,4.5,1.85,3.42,5.25,1.85,3.25,4.33,1.8,3.3,5.2,36,1.85,1.79,3.5,3.33,5.25,4.55,31,2.2,2.13,1.74,1.67,15,-0.5,1.85,1.8,2.13,2.05,1.74,3.78,5.39
I2,08/09/17,Pescara,Frosinone,3,3,D,3,0,H,2.38,3.5,2.8,2.4,3.5,2.8,2.35,3.45,2.75,2.37,3.4,2.65,2.51,3.69,2.82,2.38,3.6,2.62,2.45,3.5,2.8,34,2.55,2.39,3.69,3.46,2.86,2.71,28,1.62,1.55,2.5,2.37,13,0,1.85,1.81,2.1,2.05,2.67,3.53,2.72
I2,09/09/17,Ascoli,Novara,1,2,A,1,1,D,3,3,2.5,2.85,3,2.65,2.8,3,2.55,2.8,3,2.5,2.98,3.04,2.77,2.75,3,2.6,3,3,2.6,34,3,2.83,3.1,2.97,2.8,2.56,29,2.28,2.19,1.7,1.64,13,0,2.09,2.03,1.88,1.83,2.83,3.19,2.79
I2,09/09/17,Avellino,Foggia,5,1,H,3,1,H,2.3,3.1,3.25,2.4,3.1,3.1,2.35,3.1,3,2.3,3.2,2.9,2.46,3.2,3.29,2.45,3.1,2.88,2.45,3.13,3.13,34,2.46,2.36,3.2,3.09,3.35,3.02,32,2.12,2.02,1.84,1.75,13,-0.25,2.12,2.07,1.83,1.8,2.88,3.19,2.74
I2,09/09/17,Bari,Venezia,0,2,A,0,1,A,1.83,3.25,4.75,1.75,3.3,5.25,1.8,3.3,4.65,1.83,3.2,4.4,1.8,3.37,5.83,1.83,3.2,4.5,1.8,3.25,5.4,32,1.85,1.78,3.37,3.25,5.83,4.78,26,2.36,2.28,1.64,1.59,14,-0.5,1.85,1.8,2.13,2.08,2.1,3.23,4.19
I2,09/09/17,Carpi,Salernitana,1,0,H,1,0,H,2.2,3,3.6,2.15,3.1,3.7,2.15,3.1,3.5,2.15,3,3.4,2.22,3.12,3.94,2.2,3,3.4,2.2,3,3.8,33,2.22,2.15,3.12,3.03,3.94,3.54,27,2.4,2.3,1.63,1.57,12,-0.5,2.23,2.19,1.74,1.72,2.49,3.06,3.36
I2,09/09/17,Palermo,Empoli,3,3,D,2,1,H,2.2,3.1,3.5,2.2,3.1,3.5,2.2,3.05,3.3,2.25,3,3.2,2.31,3.12,3.67,2.2,3.1,3.3,2.3,3,3.5,33,2.31,2.23,3.15,3.02,3.67,3.32,28,2.35,2.21,1.71,1.63,13,-0.25,2,1.95,1.94,1.9,2.02,3.35,4.33
I2,09/09/17,Pro Vercelli,Cremonese,1,4,A,0,2,A,2.8,2.88,2.75,2.85,2.9,2.75,2.8,2.95,2.6,2.75,3,2.55,2.96,2.99,2.83,2.8,3,2.6,2.9,3,2.7,33,2.96,2.81,3,2.93,2.85,2.63,27,2.32,2.26,1.66,1.6,13,0,2.05,2,1.91,1.86,2.69,2.97,3.16
I2,09/09/17,Spezia,Virtus Entella,2,1,H,1,0,H,1.75,3.25,5.25,1.8,3.25,5,1.8,3.25,4.6,1.8,3.2,4.6,1.87,3.24,5.51,1.83,3.2,4.5,1.83,3.2,5.2,34,1.88,1.81,3.25,3.17,5.51,4.78,28,2.43,2.33,1.6,1.56,14,-0.5,1.86,1.83,2.09,2.04,1.98,3.16,4.92
I2,09/09/17,Ternana,Cesena,1,0,H,1,0,H,2.45,2.88,3.25,2.6,3.1,2.85,2.5,2.95,2.95,2.5,3,2.8,2.62,3.09,3.13,2.5,3,2.9,2.6,2.9,3.1,33,2.67,2.5,3.1,2.97,3.25,2.92,27,2.38,2.3,1.65,1.58,13,0,1.83,1.79,2.16,2.09,2.62,3.13,3.09
I2,10/09/17,Parma,Brescia,0,1,A,0,0,D,1.57,3.5,7,1.57,3.6,7,1.6,3.6,5.75,1.6,3.5,5.8,1.61,3.66,7.65,1.62,3.6,5.5,1.6,3.6,7,32,1.62,1.59,3.66,3.52,7.65,6.11,29,2.25,2.15,1.72,1.67,12,-0.75,1.82,1.79,2.13,2.09,1.76,3.53,5.7
I2,11/09/17,Cittadella,Perugia,1,1,D,0,1,A,2.35,3,3.25,2.5,3.2,2.9,2.45,3.1,2.85,2.37,3.2,2.8,2.61,3.22,3.02,2.4,3.1,2.9,2.45,3.2,3,33,2.61,2.42,3.25,3.1,3.25,2.89,31,2.01,1.93,1.92,1.83,11,0,1.8,1.76,2.18,2.13,2.5,3.5,2.94
I2,15/09/17,Cesena,Avellino,3,1,H,2,0,H,1.91,3.3,4.5,2,3.2,4,1.95,3.2,3.9,2.1,3.1,3.4,2.02,3.33,4.37,2,3.2,3.75,1.95,3.25,4.3,37,2.1,1.96,3.33,3.19,4.5,3.93,34,2.27,2.14,1.76,1.67,16,-0.5,2.03,1.98,1.92,1.86,2.18,3.24,3.88
I2,15/09/17,Venezia,Spezia,0,0,D,0,0,D,2.15,3.2,3.5,2.1,3.1,3.9,2.1,2.95,3.7,2.1,2.9,3.6,2.23,3.11,3.92,2.15,2.9,3.75,2.2,2.88,4,35,2.25,2.14,3.2,2.96,4,3.67,29,2.75,2.6,1.5,1.45,13,-0.5,2.22,2.17,1.76,1.72,2.43,2.93,3.67
I2,16/09/17,Brescia,Pro Vercelli,0,0,D,0,0,D,1.95,3,4.5,2,3.1,4.2,2,3.1,3.95,1.95,3.1,3.9,2.06,3.17,4.46,1.95,3.2,4,2,3.1,4.33,37,2.08,1.98,3.2,3.07,4.5,4.05,31,2.44,2.33,1.6,1.56,15,-0.5,2.09,2.02,1.87,1.83,2.13,3.16,4.21
I2,16/09/17,Cremonese,Carpi,1,1,D,1,1,D,1.91,3.1,4.5,2,3.1,4.25,1.95,3.1,4.15,2,3.1,3.9,2.02,3.14,4.71,2,3,4,1.95,3.13,4.6,36,2.02,1.95,3.25,3.08,4.71,4.18,30,2.53,2.41,1.56,1.52,15,-0.5,2.02,1.97,1.93,1.88,2.1,3.24,4.16
I2,16/09/17,Empoli,Ascoli,3,0,H,1,0,H,1.55,3.6,7,1.6,3.7,6,1.55,3.65,6,1.57,3.6,6,1.6,3.77,7.5,1.57,3.6,6,1.57,3.7,7,36,1.6,1.56,3.77,3.61,7.5,6.18,34,2.23,2.1,1.76,1.7,14,-1,2.16,2.09,1.81,1.77,1.48,4.78,7.15
I2,16/09/17,Foggia,Palermo,1,1,D,1,0,H,2.8,3.2,2.5,2.75,3.2,2.6,2.65,3.25,2.5,2.6,3.3,2.5,2.82,3.35,2.69,2.6,3.4,2.5,2.7,3.25,2.7,37,2.82,2.65,3.4,3.24,2.7,2.55,35,1.84,1.77,2.12,2,14,0,2.01,1.95,1.94,1.89,2.4,3.29,3.28
I2,16/09/17,Frosinone,Bari,3,2,H,2,2,D,2,3.1,4.2,2.05,3.2,3.9,2,3.15,3.75,2,3.2,3.6,2.1,3.22,4.2,2.1,3.2,3.4,2.05,3.2,4,36,2.1,2.03,3.25,3.15,4.21,3.73,34,2.21,2.11,1.76,1.69,15,-0.5,2.09,2.04,1.85,1.81,2.23,3.29,3.66
I2,16/09/17,Novara,Cittadella,1,0,H,0,0,D,2.1,3.2,3.6,2.15,3.2,3.6,2.15,3.15,3.4,2.1,3.1,3.4,2.21,3.2,3.86,2.15,3.2,3.3,2.15,3.2,3.7,37,2.22,2.12,3.2,3.13,3.86,3.46,35,2.2,2.09,1.77,1.7,14,-0.5,2.2,2.14,1.79,1.74,2.3,3.32,3.46
I2,16/09/17,Perugia,Parma,3,0,H,1,0,H,2.1,3.1,3.75,2.05,3.1,4,2.05,3.1,3.65,2.1,3.1,3.5,2.19,3.14,4,2,3.2,3.75,2.15,3.1,3.8,36,2.19,2.08,3.2,3.1,4,3.64,30,2.34,2.24,1.67,1.6,14,-0.5,2.18,2.12,1.79,1.75,2.19,3.22,3.89
I2,16/09/17,Salernitana,Pescara,2,2,D,0,1,A,2.05,3.4,3.5,2.1,3.4,3.5,2.1,3.55,3.1,2.1,3.6,3,2.19,3.59,3.45,2.05,3.5,3.2,2.1,3.7,3.3,37,2.19,2.09,3.7,3.47,3.5,3.21,28,1.5,1.47,2.71,2.54,14,-0.5,2.16,2.1,1.82,1.77,1.9,4.14,3.89
I2,16/09/17,Virtus Entella,Ternana,3,1,H,1,1,D,2.1,3,4,2.1,3.1,3.9,2.05,3.05,3.7,2.05,3.1,3.6,2.11,3.19,4.21,2,3.2,3.75,2.1,3.1,4,37,2.12,2.05,3.2,3.07,4.21,3.75,31,2.3,2.24,1.69,1.6,15,-0.5,2.13,2.07,1.85,1.78,2.06,3.27,4.27
I2,18/09/17,Avellino,Venezia,1,1,D,0,0,D,2.3,3.1,3.25,2.3,3,3.2,2.3,3.05,3.15,2.3,3,3.1,2.4,3.11,3.48,2.38,2.8,3.3,2.38,3,3.4,37,2.46,2.33,3.11,3.02,3.48,3.14,32,2.4,2.27,1.64,1.59,14,-0.25,2.05,2,1.89,1.85,2.42,3.14,3.42
I2,19/09/17,Ascoli,Frosinone,0,1,A,0,0,D,4.2,3.3,1.91,4.1,3.3,1.95,3.85,3.35,1.9,3.7,3.4,1.91,4.45,3.43,1.96,3.5,3.4,2,4.2,3.4,1.93,37,4.45,3.87,3.5,3.35,2,1.92,36,1.95,1.87,1.98,1.89,15,0.5,1.97,1.92,1.98,1.93,5.25,3.51,1.82
I2,19/09/17,Bari,Cremonese,1,0,H,0,0,D,2,3.1,4.2,2.05,3.2,3.9,2,3.15,3.85,2.05,3.1,3.7,2.11,3.41,3.88,2,3.2,3.8,2.05,3.13,4.1,37,2.11,2.01,3.41,3.17,4.2,3.8,31,2.33,2.23,1.69,1.61,15,-0.5,2.1,2.03,1.85,1.82,1.88,3.44,4.92
I2,19/09/17,Carpi,Foggia,1,3,A,1,0,H,1.95,3.3,4,1.95,3.4,4,1.95,3.25,3.8,1.95,3.2,3.75,2.02,3.36,4.32,2,3.3,3.6,1.95,3.3,4.2,37,2.05,1.96,3.4,3.25,4.32,3.84,35,2.16,2.05,1.81,1.74,15,-0.5,2.02,1.97,1.93,1.88,2.35,3.26,3.36
I2,19/09/17,Cittadella,Cesena,4,0,H,3,0,H,1.91,3.25,4.33,1.9,3.4,4.2,1.95,3.25,3.9,1.91,3.3,3.8,1.95,3.48,4.44,1.91,3.1,4.2,1.93,3.3,4.33,37,1.99,1.92,3.48,3.27,4.44,3.97,36,2.1,2,1.88,1.78,16,-0.5,1.99,1.94,1.96,1.91,1.89,3.51,4.73
I2,19/09/17,Palermo,Perugia,1,0,H,0,0,D,2.1,3.4,3.4,2.25,3.1,3.4,2.2,3.15,3.3,2.15,3.1,3.3,2.21,3.38,3.6,2.2,3.1,3.3,2.2,3.13,3.7,37,2.25,2.17,3.4,3.14,3.7,3.33,35,2.26,2.15,1.74,1.67,14,-0.25,1.9,1.87,2.03,1.98,2.13,3.33,3.93
I2,19/09/17,Parma,Empoli,1,2,A,0,1,A,2.45,3.1,3.1,2.4,3.1,3.1,2.45,3.05,2.95,2.45,3,2.9,2.58,3.2,3.07,2.5,3.1,2.8,2.55,3,3.1,36,2.59,2.45,3.2,3.02,3.12,2.96,30,2.42,2.28,1.62,1.58,13,0,1.8,1.77,2.16,2.11,2.6,3.09,3.15
I2,19/09/17,Pescara,Virtus Entella,2,2,D,1,0,H,1.67,3.8,5,1.72,4,4.33,1.7,4,4.25,1.7,3.8,4.25,1.73,4.2,4.78,1.7,4,4.2,1.7,4,4.75,37,1.8,1.7,4.2,3.91,5,4.31,29,1.52,1.48,2.63,2.52,15,-0.5,1.76,1.71,2.25,2.18,1.65,4.41,5.2
I2,19/09/17,Pro Vercelli,Salernitana,1,1,D,1,0,H,2.8,3.1,2.63,2.8,3,2.7,2.75,3,2.6,2.75,3,2.6,2.87,3.2,2.74,2.75,3,2.6,2.9,3,2.7,37,2.91,2.75,3.2,3,2.77,2.62,31,2.5,2.32,1.62,1.57,14,0,2.03,1.97,1.91,1.87,2.93,2.97,2.88
I2,19/09/17,Spezia,Novara,1,0,H,1,0,H,2.15,3,3.75,2.25,3,3.5,2.15,2.95,3.55,2.15,2.9,3.6,2.26,3.04,3.96,2.2,3,3.4,2.2,2.9,4,37,2.27,2.18,3.05,2.94,4,3.59,31,2.74,2.6,1.52,1.46,14,-0.5,2.24,2.19,1.73,1.7,2.14,3.06,4.36
I2,23/09/17,Bari,Ternana,3,0,H,2,0,H,1.67,3.4,6,1.67,3.5,5.25,1.65,3.45,5.25,1.67,3.4,5,1.71,3.64,6.07,1.73,3.4,4.8,1.67,3.5,6,37,1.73,1.67,3.7,3.47,6.07,5.22,34,2.2,2.12,1.76,1.68,16,-0.75,1.94,1.89,2,1.95,1.63,3.74,6.9
I2,23/09/17,Brescia,Foggia,2,2,D,1,0,H,2.7,3.1,2.7,2.6,3.2,2.7,2.65,3.15,2.6,2.6,3.2,2.6,2.77,3.21,2.83,2.62,3.1,2.62,2.75,3.13,2.75,38,2.77,2.63,3.35,3.12,2.83,2.64,38,2.05,1.98,1.86,1.78,16,0,1.99,1.92,1.97,1.92,2.91,3.24,2.68
I2,23/09/17,Cremonese,Pescara,0,0,D,0,0,D,2.1,3.5,3.3,2.15,3.5,3.1,2.1,3.6,3.05,2.1,3.6,3,2.18,3.8,3.35,2.1,3.6,3.1,2.1,3.7,3.25,38,2.19,2.12,3.8,3.55,3.35,3.1,30,1.5,1.45,2.9,2.61,16,-0.5,2.2,2.13,1.78,1.74,2.17,3.64,3.45
I2,23/09/17,Empoli,Cittadella,0,1,A,0,1,A,1.91,3.4,4,1.91,3.4,3.9,1.95,3.3,3.8,1.95,3.3,3.6,1.96,3.54,4.3,2,3.3,3.6,1.95,3.4,4.1,37,2.01,1.94,3.54,3.34,4.3,3.81,37,2,1.93,1.96,1.83,17,-0.5,2.02,1.96,1.95,1.88,1.79,3.84,4.89
I2,23/09/17,Novara,Avellino,1,2,A,0,2,A,1.95,3.1,4.33,2,3,4.2,2,3.15,3.9,2,3.1,3.8,2.03,3.3,4.38,2,3.2,3.75,2,3.13,4.33,38,2.05,1.98,3.3,3.13,4.38,3.93,33,2.33,2.25,1.65,1.6,17,-0.5,2.05,1.99,1.89,1.85,1.95,3.4,4.58
I2,23/09/17,Perugia,Frosinone,1,0,H,1,0,H,2.3,3.1,3.3,2.35,3,3.25,2.35,3.1,3.05,2.3,3.1,3,2.46,3.25,3.22,2.3,3.1,3.1,2.38,3.13,3.25,38,2.46,2.34,3.25,3.09,3.3,3.06,37,2.17,2.09,1.76,1.7,16,-0.25,2.1,2.02,1.88,1.83,2.57,3.15,3.15
I2,23/09/17,Salernitana,Spezia,2,0,H,1,0,H,2.05,3.1,4,2.15,3,3.7,2.1,3.05,3.6,2.1,2.9,3.6,2.2,3.09,4.04,2.2,3,3.4,2.15,3,4,38,2.2,2.12,3.2,3.01,4.04,3.64,33,2.7,2.53,1.5,1.48,16,-0.5,2.19,2.13,1.8,1.74,2.25,3.07,3.92
I2,23/09/17,Venezia,Parma,0,1,A,0,0,D,2.5,2.9,3.1,2.45,2.95,3.1,2.45,2.95,3,2.5,2.9,2.9,2.67,3.04,3.12,2.5,2.9,3,2.63,2.88,3.1,37,2.67,2.48,3.1,2.93,3.12,2.98,32,2.61,2.47,1.52,1.5,15,0,1.82,1.77,2.16,2.1,2.27,2.99,4
I2,23/09/17,Virtus Entella,Carpi,0,0,D,0,0,D,2.4,2.88,3.3,2.55,2.9,3,2.4,3,3.05,2.4,3,3,2.61,2.95,3.3,2.5,2.9,3,2.45,3,3.25,37,2.61,2.44,3,2.92,3.3,3.06,32,2.51,2.4,1.57,1.53,16,-0.25,2.17,2.08,1.83,1.78,2.41,3.07,3.53
I2,24/09/17,Cesena,Ascoli,0,2,A,0,0,D,1.75,3.25,5.25,1.83,3.1,5,1.8,3.35,4.5,1.8,3.3,4.4,1.85,3.47,5.07,1.85,3.3,4.2,1.8,3.4,5,37,1.85,1.79,3.47,3.31,5.25,4.59,36,2.14,2.05,1.8,1.72,16,-0.5,1.85,1.8,2.11,2.05,2.02,3.3,4.42
I2,25/09/17,Palermo,Pro Vercelli,2,1,H,1,1,D,1.5,3.9,7,1.5,3.8,7.25,1.5,3.9,6.5,1.5,3.75,7,1.53,4.06,8.08,1.5,3.8,6.5,1.5,3.9,8,37,1.53,1.48,4.06,3.87,8.08,6.88,36,2.14,2.04,1.8,1.73,16,-1,1.95,1.88,2.02,1.95,1.52,4.01,8.65
I2,29/09/17,Parma,Salernitana,2,2,D,2,0,H,2,3.1,4.2,1.95,3.2,4,2,3.1,3.9,2,3.1,3.8,2.03,3.2,4.53,2,3,4,2,3.1,4.4,38,2.06,1.99,3.25,3.1,4.53,3.96,32,2.54,2.41,1.56,1.52,17,-0.5,2.07,2.01,1.88,1.84,1.81,3.43,5.56
I2,30/09/17,Ascoli,Palermo,0,0,D,0,0,D,4,3.3,1.95,3.6,3.1,2.1,3.8,3.25,1.95,3.6,3.2,1.95,4.11,3.32,2.08,3.8,3.3,1.95,4.1,3.25,2,37,4.11,3.77,3.35,3.22,2.1,1.99,34,2.25,2.1,1.77,1.69,16,0.5,1.89,1.83,2.09,2.02,3.13,2.94,2.74
I2,30/09/17,Avellino,Empoli,3,2,H,0,1,A,3,3,2.5,2.9,3,2.5,2.85,3.05,2.5,2.8,3,2.5,2.97,3.1,2.74,2.8,3.1,2.5,2.9,3.1,2.63,36,3,2.81,3.1,3.04,2.74,2.53,33,2.25,2.13,1.75,1.67,15,0,2.08,2.03,1.85,1.82,3.27,3.26,2.43
I2,30/09/17,Brescia,Perugia,2,1,H,0,0,D,3,3,2.5,3,3,2.4,2.9,3.05,2.45,2.87,3.1,2.45,3.02,3.33,2.54,2.9,3.1,2.4,3,3.1,2.55,37,3.1,2.91,3.33,3.06,2.55,2.44,33,2.28,2.12,1.75,1.68,15,0.25,1.78,1.73,2.2,2.14,3.31,3.13,2.49
I2,30/09/17,Carpi,Pescara,0,1,A,0,1,A,2.1,3.3,3.5,2.15,3.3,3.2,2.15,3.45,3.1,2.1,3.4,3.1,2.27,3.56,3.29,2.1,3.5,3.1,2.25,3.4,3.25,36,2.27,2.17,3.56,3.36,3.5,3.12,31,1.65,1.62,2.36,2.2,15,-0.25,1.99,1.93,1.98,1.91,2.52,3.49,2.93
I2,30/09/17,Cittadella,Virtus Entella,0,1,A,0,1,A,1.65,3.6,5.5,1.65,3.4,5.5,1.65,3.6,5,1.67,3.6,4.8,1.72,3.61,5.93,1.67,3.6,5,1.7,3.6,5.4,36,1.72,1.66,3.65,3.52,5.93,5.19,35,2,1.91,1.96,1.85,15,-0.5,1.71,1.67,2.29,2.24,1.65,3.98,5.9
I2,30/09/17,Pro Vercelli,Cesena,5,2,H,1,2,A,2.2,3,3.6,2.35,2.85,3.25,2.25,2.95,3.4,2.25,2.9,3.3,2.37,2.99,3.7,2.38,2.9,3.2,2.3,2.9,3.6,36,2.38,2.27,3,2.92,3.7,3.35,31,2.68,2.48,1.53,1.5,14,-0.25,1.99,1.94,1.96,1.9,2.4,3.07,3.54
I2,30/09/17,Spezia,Bari,1,0,H,0,0,D,2.55,3.1,2.88,2.35,2.9,3.2,2.5,2.9,3,2.45,2.9,3,2.58,2.95,3.35,2.5,2.9,3,2.55,2.88,3.25,36,2.58,2.47,3.1,2.87,3.35,3.04,31,2.7,2.56,1.53,1.47,15,-0.25,2.19,2.13,1.81,1.74,2.46,2.95,3.57
I2,30/09/17,Ternana,Venezia,2,3,A,0,1,A,2.6,2.9,3,2.45,2.95,3,2.6,2.9,2.85,2.55,2.9,2.8,2.73,2.99,3.09,2.5,3,2.88,2.7,2.9,3,36,2.73,2.57,3,2.91,3.09,2.87,31,2.55,2.43,1.57,1.51,15,0,1.87,1.82,2.08,2.03,2.69,3.01,3.11
I2,01/10/17,Foggia,Novara,2,2,D,1,1,D,1.85,3.6,4,1.8,3.3,4.6,1.8,3.45,4.15,1.85,3.4,4,1.91,3.5,4.69,1.8,3.5,4.2,1.85,3.4,4.6,37,1.91,1.83,3.6,3.38,4.69,4.2,36,2.02,1.92,1.93,1.84,15,-0.5,1.91,1.86,2.04,1.98,2.08,3.46,3.92
I2,02/10/17,Frosinone,Cremonese,0,0,D,0,0,D,1.75,3.4,5,1.75,3.5,4.75,1.75,3.4,4.8,1.73,3.3,4.75,1.72,3.59,6,1.8,3.3,4.5,1.75,3.4,5.4,34,1.8,1.73,3.59,3.36,6,4.89,32,2.2,2.09,1.79,1.69,13,-0.75,2.06,1.99,1.93,1.85,1.67,3.82,6.12
I2,03/10/17,Ternana,Brescia,1,1,D,1,1,D,2.1,3.1,3.75,2.15,3.2,3.5,2.2,3.1,3.35,2.15,3.1,3.3,2.18,3.41,3.63,2.2,3.2,3.2,2.2,3.13,3.6,37,2.25,2.15,3.41,3.16,3.75,3.38,35,2.19,2.08,1.79,1.72,14,-0.25,1.92,1.87,2.04,1.98,2.29,3.22,3.59
I2,07/10/17,Cesena,Spezia,1,0,H,1,0,H,2.38,3,3.2,2.4,2.9,3.2,2.35,2.95,3.15,2.35,2.9,3.1,2.49,3.06,3.37,2.3,3.1,3.1,2.45,2.9,3.4,35,2.49,2.36,3.1,2.97,3.42,3.16,29,2.55,2.41,1.6,1.52,15,-0.25,2.11,2.05,1.84,1.8,2.7,3.08,3.03
I2,07/10/17,Salernitana,Ascoli,0,0,D,0,0,D,1.62,3.75,5.5,1.67,3.75,5,1.65,3.65,5,1.61,3.6,5.2,1.68,3.77,5.99,1.67,3.6,5,1.65,3.7,5.75,35,1.68,1.65,3.77,3.6,5.99,5.21,33,2.05,1.93,1.95,1.83,15,-0.75,1.9,1.85,2.04,2,1.76,3.67,5.43
I2,08/10/17,Bari,Avellino,2,1,H,0,0,D,1.73,3.4,5.25,1.75,3.3,5,1.75,3.5,4.65,1.75,3.4,4.5,1.82,3.45,5.36,1.8,2.88,5.5,1.75,3.5,5.25,33,1.82,1.75,3.5,3.35,5.5,4.85,30,2.11,2.01,1.84,1.75,15,-0.75,2.06,2,1.91,1.85,1.95,3.38,4.62
I2,08/10/17,Cremonese,Ternana,3,3,D,1,3,A,1.7,3.75,4.75,1.7,3.3,5.5,1.7,3.5,4.9,1.73,3.4,4.8,1.73,3.63,5.77,1.73,3.5,4.6,1.73,3.5,5.4,34,1.76,1.7,3.75,3.44,5.77,5,32,2.17,2.08,1.77,1.71,15,-0.75,2.03,1.97,1.93,1.87,1.77,3.65,5.4
I2,08/10/17,Empoli,Foggia,3,1,H,0,0,D,1.75,3.4,5,1.8,3.7,4.1,1.75,3.55,4.35,1.75,3.6,4.2,1.81,3.64,4.99,1.8,3.5,4.2,1.75,3.6,4.8,33,1.81,1.76,3.75,3.5,5,4.48,31,1.82,1.74,2.13,2.02,15,-0.75,2.07,2.01,1.88,1.83,1.73,3.88,5.27
I2,08/10/17,Novara,Frosinone,2,1,H,0,0,D,3.1,3.1,2.38,3.1,3.2,2.3,3,3.05,2.4,3,3,2.35,3.28,3.1,2.5,3.1,3.1,2.3,3.13,3,2.5,34,3.28,3.06,3.2,3.05,2.5,2.36,30,2.27,2.18,1.69,1.64,15,0.25,1.83,1.77,2.14,2.09,3.46,3.25,2.33
I2,08/10/17,Palermo,Parma,1,1,D,1,0,H,2.5,3.1,2.9,2.55,3,2.9,2.45,3,2.95,2.45,3,2.9,2.63,3.09,3.12,2.3,3.1,3.1,2.55,3,3.13,34,2.63,2.46,3.1,2.99,3.18,2.97,29,2.52,2.35,1.6,1.55,15,0,1.78,1.75,2.18,2.12,2.18,3.15,4.01
I2,08/10/17,Perugia,Pro Vercelli,1,5,A,0,1,A,1.57,3.6,6.5,1.57,3.6,6.5,1.6,3.7,5.75,1.57,3.6,5.8,1.6,3.82,7.27,1.62,3.6,5.5,1.57,3.75,7,34,1.62,1.57,3.82,3.61,7.27,6.09,31,2.13,2.03,1.82,1.74,16,-1,2.11,2.05,1.84,1.79,1.67,3.73,6.37
I2,08/10/17,Pescara,Cittadella,1,2,A,1,2,A,1.95,3.6,3.6,1.95,3.5,3.7,1.9,3.7,3.45,1.91,3.7,3.4,2,3.92,3.7,1.91,3.8,3.4,1.95,3.75,3.7,34,2,1.93,3.92,3.66,3.7,3.49,25,1.5,1.47,2.7,2.57,16,-0.5,2.01,1.95,1.94,1.89,2.07,3.78,3.59
I2,08/10/17,Venezia,Carpi,2,0,H,1,0,H,2.1,3.25,3.5,2.1,3.1,3.7,2.1,3,3.65,2.15,3,3.5,2.23,3.03,3.99,2.1,3.1,3.6,2.15,3,3.9,33,2.23,2.13,3.25,3.02,3.99,3.62,28,2.6,2.47,1.53,1.5,15,-0.5,2.22,2.15,1.77,1.72,2.38,3.04,3.61
I2,08/10/17,Virtus Entella,Brescia,3,0,H,1,0,H,2,3.25,3.9,2.1,3.1,3.7,2.1,3.15,3.55,2.1,3.1,3.4,2.17,3.22,3.94,2.15,3.1,3.4,2.1,3.2,3.8,34,2.19,2.09,3.25,3.14,3.94,3.55,31,2.25,2.14,1.73,1.67,15,-0.5,2.2,2.12,1.79,1.74,2.42,3.15,3.4
I2,13/10/17,Foggia,Perugia,2,1,H,2,1,H,2.2,3.3,3.25,2.2,3.2,3.4,2.15,3.35,3.1,2.2,3.3,3,2.29,3.48,3.33,2.15,3.25,3.25,2.25,3.4,3.2,36,2.29,2.19,3.5,3.3,3.4,3.18,34,1.82,1.75,2.14,2.03,17,-0.5,2.29,2.22,1.74,1.69,2.6,3.36,2.91
I2,14/10/17,Ascoli,Venezia,3,3,D,0,1,A,2.63,2.88,3,2.55,3,3,2.6,2.95,2.8,2.6,2.9,2.75,2.6,3.15,3.09,2.5,3,2.88,2.7,3,2.9,32,2.7,2.56,3.15,2.98,3.09,2.85,27,2.5,2.35,1.59,1.55,14,0,1.87,1.82,2.1,2.02,2.68,3.05,3.08
I2,14/10/17,Brescia,Novara,0,1,A,0,0,D,2.3,3,3.4,2.45,3,3.1,2.35,3.05,3.05,2.35,3,3,2.48,3.09,3.35,2.38,3.1,3,2.45,3,3.2,32,2.48,2.37,3.1,3,3.4,3.08,28,2.27,2.18,1.69,1.63,14,-0.25,2.13,2.07,1.83,1.78,2.17,3.15,4.06
I2,14/10/17,Carpi,Cesena,2,1,H,2,0,H,1.95,3.1,4.33,2,3.1,4.25,1.95,3.1,4.05,2,3.1,3.8,2.07,3.2,4.35,2,3,4,2,3.1,4.4,31,2.07,1.98,3.2,3.06,4.4,4.06,25,2.5,2.36,1.58,1.54,15,-0.5,2.07,2,1.88,1.83,1.94,3.22,5.04
I2,14/10/17,Cittadella,Cremonese,1,2,A,0,0,D,2.2,3.25,3.3,2.15,3.2,3.6,2.1,3.2,3.4,2.15,3.2,3.25,2.19,3.29,3.77,2.05,3.2,3.6,2.2,3.2,3.5,32,2.2,2.13,3.29,3.18,3.77,3.41,30,2.08,1.99,1.87,1.77,13,-0.5,2.21,2.16,1.76,1.71,1.97,3.37,4.55
I2,14/10/17,Frosinone,Palermo,0,0,D,0,0,D,2,3.2,4,2.05,3.2,3.9,1.95,3.2,3.85,2,3.1,3.6,2.06,3.34,4.19,2.1,3.1,3.5,2.05,3.13,4.1,32,2.1,2,3.34,3.17,4.19,3.78,29,2.26,2.14,1.73,1.66,15,-0.5,2.07,2.02,1.87,1.82,1.9,3.26,5.19
I2,14/10/17,Parma,Pescara,0,1,A,0,0,D,2,3.4,3.75,2,3.4,3.7,2,3.55,3.4,2,3.5,3.3,2.05,3.73,3.73,2,3.5,3.4,2.05,3.5,3.6,32,2.06,2,3.73,3.47,3.75,3.47,26,1.72,1.65,2.22,2.14,14,-0.5,2.08,2.03,1.86,1.82,2.11,3.7,3.55
I2,14/10/17,Pro Vercelli,Bari,2,2,D,1,0,H,3,2.88,2.63,2.85,2.75,2.9,2.8,2.9,2.65,2.8,3,2.55,3.09,2.86,2.85,2.9,2.88,2.5,2.9,2.9,2.75,29,3.09,2.85,3,2.87,2.9,2.64,24,2.5,2.35,1.6,1.55,14,0,2.05,1.99,1.92,1.85,2.99,2.9,2.9
I2,14/10/17,Ternana,Spezia,4,2,H,2,2,D,2.6,3,2.9,2.55,3,3,2.6,2.95,2.85,2.55,2.9,2.8,2.76,3.06,2.98,2.5,3,2.88,2.7,2.9,3,31,2.76,2.58,3.1,2.95,3,2.85,26,2.48,2.34,1.58,1.55,14,0,1.88,1.84,2.05,2,2.9,3.01,2.87
I2,15/10/17,Avellino,Salernitana,2,3,A,0,0,D,2.25,3,3.5,2.25,3.1,3.4,2.2,3.15,3.25,2.2,3.1,3.25,2.24,3.28,3.66,2.25,3.1,3.2,2.25,3.13,3.5,32,2.26,2.19,3.3,3.12,3.66,3.33,30,2.13,2.03,1.81,1.73,14,-0.25,1.97,1.91,1.96,1.92,2.31,3.18,3.6
I2,16/10/17,Virtus Entella,Empoli,2,3,A,0,2,A,3.3,3.1,2.3,3.1,3.1,2.4,3.05,3.15,2.3,3,3.2,2.25,3.34,3.19,2.43,3.1,3.2,2.25,3.25,3.13,2.38,31,3.34,3.1,3.25,3.11,2.43,2.3,29,2.06,1.97,1.88,1.78,12,0.25,1.9,1.85,2.04,1.98,3.76,3.23,2.23
I2,20/10/17,Bari,Cittadella,4,2,H,1,1,D,2.04,3.29,3.6,2.1,3.2,3.75,2.1,3.25,3.35,1.95,3.3,3.7,2.19,3.32,3.73,1.91,3.4,3.75,2.2,3.2,3.6,35,2.22,2.09,3.47,3.22,3.75,3.48,34,2.11,2,1.85,1.77,18,-0.5,2.2,2.14,1.77,1.73,2.28,3.08,3.83
I2,20/10/17,Cremonese,Brescia,2,0,H,1,0,H,2.04,3.25,3.7,2.2,3.2,3.4,2.1,3.15,3.45,1.91,3.2,3.9,2.18,3.22,3.91,2.15,3.2,3.3,2.15,3.2,3.7,36,2.21,2.12,3.25,3.14,3.91,3.51,34,2.19,2.09,1.77,1.71,18,-0.5,2.2,2.13,1.78,1.74,2.42,3.09,3.48
I2,21/10/17,Cesena,Foggia,3,3,D,0,0,D,2.5,3.1,2.89,2.4,3.3,2.95,2.35,3.3,2.85,2.35,3.25,2.87,2.4,3.54,3.07,2.38,3.1,2.88,2.4,3.25,3.1,35,2.5,2.35,3.54,3.26,3.12,2.91,33,1.95,1.84,2.03,1.93,17,-0.25,2.12,2.06,1.83,1.79,2.42,3.29,3.25
I2,21/10/17,Palermo,Novara,0,2,A,0,0,D,1.75,3.29,5.25,1.75,3.5,5,1.75,3.35,4.75,1.75,3.25,4.6,1.77,3.47,5.8,1.75,3.25,4.8,1.75,3.4,5.5,35,1.81,1.75,3.5,3.33,5.8,4.9,26,2.32,2.21,1.7,1.62,16,-0.75,2.06,2,1.89,1.84,1.81,3.37,5.61
I2,21/10/17,Parma,Virtus Entella,3,1,H,1,0,H,1.66,3.39,5.75,1.67,3.5,5.75,1.65,3.45,5.25,1.67,3.3,5.25,1.71,3.54,6.3,1.65,3.4,5.5,1.7,3.4,6,35,1.72,1.67,3.54,3.39,6.3,5.39,25,2.31,2.22,1.66,1.62,17,-0.75,1.96,1.92,1.98,1.92,1.8,3.46,5.52
I2,21/10/17,Pescara,Avellino,2,1,H,1,1,D,1.75,3.75,4.33,1.78,3.8,4.25,1.75,3.85,4,1.75,3.7,4,1.81,4.09,4.38,1.83,3.75,3.75,1.85,4,3.8,35,1.85,1.77,4.13,3.8,4.38,4.03,28,1.6,1.56,2.43,2.33,17,-0.75,2.08,2.01,1.89,1.83,1.75,4.02,4.89
I2,21/10/17,Pro Vercelli,Carpi,0,0,D,0,0,D,2.39,3,3.2,2.45,3,3.1,2.4,2.9,3.1,2.4,2.9,3,2.53,2.99,3.38,2.4,3,3,2.5,2.9,3.3,35,2.54,2.43,3,2.92,3.38,3.1,29,2.61,2.46,1.55,1.51,17,-0.25,2.14,2.07,1.83,1.78,2.54,2.96,3.41
I2,21/10/17,Salernitana,Frosinone,1,1,D,1,0,H,2.87,3.1,2.54,2.85,3.25,2.5,2.85,3.1,2.45,2.8,3,2.5,2.99,3.29,2.59,2.7,3.1,2.6,3,3.1,2.55,36,3,2.84,3.29,3.1,2.6,2.49,33,2.2,2.12,1.77,1.69,18,0,2.14,2.08,1.82,1.78,3.01,3.16,2.65
I2,21/10/17,Spezia,Perugia,4,2,H,2,1,H,2.25,3,3.5,2.25,3,3.6,2.3,3,3.25,2.25,3,3.25,2.41,3.06,3.52,2.3,3,3.1,2.4,2.9,3.4,36,2.41,2.3,3.1,2.99,3.6,3.26,29,2.54,2.38,1.6,1.54,17,-0.25,2.07,2.01,1.89,1.84,2.88,2.94,2.96
I2,21/10/17,Ternana,Ascoli,1,1,D,0,0,D,2.04,3.1,4,2.05,3.5,3.5,2.05,3.35,3.45,2.05,3.25,3.4,2.12,3.52,3.72,2.05,3.3,3.4,2.05,3.3,3.75,34,2.12,2.05,3.52,3.31,4,3.5,33,1.99,1.92,1.96,1.85,17,-0.5,2.13,2.07,1.83,1.78,2.07,3.47,3.96
I2,21/10/17,Venezia,Empoli,1,0,H,0,0,D,3.25,3,2.37,3.25,3,2.4,3.1,3.05,2.35,3,3,2.37,3.33,3.17,2.44,2.8,3.1,2.5,3.25,3.1,2.4,35,3.33,3.06,3.17,3.03,2.5,2.38,29,2.25,2.18,1.72,1.64,17,0.25,1.87,1.82,2.1,2.03,3.02,3.03,2.75
I2,23/10/17,Brescia,Bari,2,1,H,1,1,D,2.7,3.1,2.7,2.5,3.1,2.9,2.6,3.1,2.7,2.65,3.1,2.6,2.82,3.21,2.79,2.75,2.88,2.75,2.8,3.1,2.7,33,2.84,2.66,3.21,3.05,2.85,2.69,30,2.21,2.12,1.76,1.68,18,0,1.99,1.94,1.94,1.9,3.02,2.99,2.79
I2,24/10/17,Ascoli,Spezia,3,1,H,0,0,D,2.62,3,2.87,2.6,2.9,3,2.65,2.95,2.75,2.6,2.9,2.8,2.76,3.03,3,2.6,2.9,2.8,2.7,2.9,3,36,2.76,2.63,3.03,2.92,3,2.83,30,2.58,2.43,1.57,1.52,18,0,1.89,1.85,2.04,2,3.06,2.87,2.86
I2,24/10/17,Avellino,Pro Vercelli,1,0,H,0,0,D,2,3.2,4,2,3.1,4.2,1.9,3.35,3.85,1.95,3.2,3.8,2,3.45,4.25,2,3.3,3.6,1.95,3.25,4.33,36,2,1.95,3.45,3.24,4.33,3.93,35,2.16,2.06,1.82,1.73,18,-0.5,2,1.96,1.94,1.88,2.06,3.29,4.22
I2,24/10/17,Carpi,Palermo,1,3,A,0,2,A,3,3,2.5,2.9,2.9,2.7,2.9,2.8,2.65,2.87,2.87,2.6,3.1,2.88,2.82,2.88,2.8,2.7,3,2.8,2.75,36,3.1,2.9,3,2.83,2.82,2.66,30,3,2.73,1.5,1.42,19,0,2.07,2.02,1.87,1.83,3.04,2.9,2.85
I2,24/10/17,Cittadella,Venezia,2,1,H,1,1,D,1.95,3.29,4,2.1,3.1,3.8,1.95,3.25,3.75,2,3.2,3.6,2.06,3.34,4.19,2,3,4,2,3.25,4.1,36,2.1,1.99,3.34,3.19,4.19,3.85,34,2.11,2.03,1.82,1.75,18,-0.5,2.06,2,1.88,1.84,2,3.23,4.66
I2,24/10/17,Empoli,Pescara,3,1,H,2,0,H,1.75,3.75,4.33,1.72,3.9,4.5,1.7,3.95,4.1,1.75,3.7,3.9,1.83,3.96,4.45,1.8,3.8,3.8,1.8,3.75,4.33,35,1.84,1.76,4,3.77,4.5,4.12,29,1.59,1.52,2.62,2.42,17,-0.75,2.07,2.01,1.88,1.83,1.75,3.88,5.12
I2,24/10/17,Foggia,Parma,0,3,A,0,1,A,2.2,3.29,3.29,2.25,3.3,3.2,2.2,3.35,3.1,2.15,3.3,3.1,2.3,3.45,3.34,2.15,3.3,3.2,2.25,3.3,3.3,36,2.31,2.2,3.45,3.3,3.4,3.17,35,1.85,1.77,2.12,2.01,17,-0.25,1.97,1.93,1.96,1.92,2.41,3.32,3.24
I2,24/10/17,Frosinone,Ternana,4,2,H,1,1,D,1.5,3.75,7.5,1.5,3.9,7.25,1.5,4.1,6.25,1.5,4,6.5,1.51,4.45,7.32,1.53,3.8,6,1.45,4.2,8,36,1.53,1.49,4.45,4.04,8,6.56,35,1.9,1.83,2.05,1.94,19,-1,1.89,1.83,2.06,2.01,1.53,4.22,7.47
I2,24/10/17,Novara,Salernitana,2,3,A,1,1,D,2.04,3.1,4,2.05,3.1,4,2.1,3.1,3.55,2.15,3,3.5,2.23,3.23,3.76,2.05,3.2,3.6,2.15,3.1,3.75,36,2.23,2.11,3.23,3.1,4,3.58,30,2.39,2.26,1.64,1.59,17,-0.5,2.22,2.14,1.78,1.72,2.25,3.09,3.88
I2,24/10/17,Perugia,Cesena,0,3,A,0,1,A,1.7,3.39,5.5,1.72,3.5,5.25,1.7,3.6,4.6,1.7,3.5,4.6,1.73,3.67,5.71,1.75,3.2,5,1.73,3.5,5.4,36,1.75,1.71,3.67,3.48,5.71,4.97,35,2,1.89,1.97,1.87,17,-0.75,1.99,1.94,1.95,1.91,1.68,3.58,6.69
I2,24/10/17,Virtus Entella,Cremonese,1,1,D,0,1,A,2.25,3,3.5,2.35,3.1,3.2,2.3,3.15,3.05,2.3,3.1,3.1,2.41,3.29,3.28,2.3,3.1,3.1,2.38,3.1,3.25,35,2.5,2.32,3.29,3.1,3.5,3.14,33,2.17,2.08,1.79,1.71,18,-0.25,2.05,2,1.89,1.84,2.53,3.09,3.26
I2,28/10/17,Bari,Ascoli,3,0,H,0,0,D,1.61,3.5,6.25,1.6,3.8,5.75,1.55,3.8,5.5,1.57,3.7,5.5,1.63,3.98,6.18,1.62,3.6,5.5,1.57,3.8,6.5,33,1.63,1.58,3.98,3.73,6.5,5.73,32,2.02,1.96,1.88,1.8,16,-1,2.18,2.08,1.8,1.75,1.63,3.73,6.89
I2,28/10/17,Cesena,Novara,2,2,D,1,0,H,2.14,3,3.79,2.25,3,3.6,2.15,3.15,3.3,2.15,3.1,3.3,2.25,3.3,3.61,2.2,3.1,3.3,2.2,3.13,3.6,34,2.29,2.19,3.3,3.1,3.79,3.35,28,2.22,2.13,1.72,1.66,16,-0.25,1.93,1.89,2.01,1.95,2.47,3.13,3.33
I2,28/10/17,Cremonese,Perugia,3,3,D,1,1,D,2,3.2,4,2.05,3.25,3.75,2,3.3,3.6,2.05,3.25,3.5,2.12,3.35,3.93,2.05,3,3.75,2.1,3.25,3.8,34,2.12,2.03,3.35,3.21,4,3.69,32,2.02,1.94,1.91,1.83,17,-0.5,2.12,2.05,1.83,1.79,2.4,3.1,3.48
I2,28/10/17,Palermo,Virtus Entella,2,0,H,1,0,H,1.57,3.6,6.5,1.57,3.6,6.75,1.55,3.8,5.75,1.53,3.7,6,1.6,4.04,6.59,1.57,3.6,6,1.55,3.8,7,34,1.6,1.55,4.04,3.74,7,6.09,32,2.11,2.02,1.83,1.74,16,-1,2.1,2.03,1.85,1.81,1.61,3.98,6.59
I2,28/10/17,Pescara,Brescia,0,3,A,0,1,A,1.6,3.75,5.75,1.65,3.9,5,1.65,4.1,4.5,1.61,4,4.75,1.68,4.06,5.46,1.62,4.2,4.5,1.62,4.1,5.25,34,1.68,1.62,4.2,3.94,5.75,4.9,29,1.54,1.49,2.63,2.49,16,-1,2.19,2.1,1.8,1.74,1.78,3.69,5.22
I2,28/10/17,Salernitana,Empoli,2,1,H,2,1,H,3.39,3.1,2.25,3.1,3.1,2.4,3,3.2,2.3,2.9,3.1,2.35,3.21,3.15,2.52,2.88,3.2,2.38,3.13,3.2,2.4,34,3.39,3.01,3.3,3.1,2.52,2.38,31,2.11,2.02,1.82,1.74,15,0,2.23,2.17,1.77,1.71,3.12,3.06,2.65
I2,28/10/17,Spezia,Cittadella,0,0,D,0,0,D,2.14,3.1,3.6,2.25,2.9,3.7,2.2,3.05,3.35,2.25,3,3.25,2.4,3.08,3.53,2.25,2.9,3.4,2.3,3,3.5,34,2.4,2.26,3.15,2.98,3.7,3.36,29,2.35,2.26,1.7,1.6,16,-0.25,2.01,1.95,1.94,1.89,2.69,2.88,3.26
I2,28/10/17,Venezia,Frosinone,1,1,D,1,1,D,3.2,2.89,2.45,2.9,3,2.6,2.9,3.05,2.45,2.87,3,2.45,3.12,3.26,2.51,2.88,3.1,2.45,3,3,2.6,34,3.2,2.94,3.26,3.04,2.6,2.46,28,2.25,2.17,1.7,1.64,17,0,2.16,2.1,1.81,1.77,2.83,3.12,2.85
I2,29/10/17,Parma,Avellino,2,0,H,1,0,H,1.72,3.5,5,1.8,3.4,4.75,1.75,3.45,4.7,1.75,3.3,4.6,1.77,3.64,5.39,1.75,3.5,4.5,1.75,3.5,5.25,34,1.8,1.74,3.64,3.45,5.39,4.71,32,2.19,2.06,1.8,1.72,16,-0.75,2.04,2,1.91,1.85,1.91,3.33,4.98
I2,29/10/17,Pro Vercelli,Foggia,1,4,A,1,2,A,2.29,3.1,3.29,2.25,3.25,3.2,2.3,3.35,2.9,2.25,3.3,2.9,2.29,3.69,3.16,2.3,3.3,2.88,2.38,3.3,3.1,34,2.38,2.27,3.69,3.3,3.29,2.99,33,1.86,1.78,2.06,1.98,16,-0.25,2.06,2.01,1.88,1.84,2.36,3.36,3.29
I2,30/10/17,Ternana,Carpi,0,0,D,0,0,D,2.39,3.1,3.1,2.45,3,3.1,2.35,3.1,3,2.37,3,3,2.49,3.2,3.22,2.4,3,3,2.45,3,3.25,34,2.49,2.39,3.2,3.02,3.25,3.04,29,2.31,2.21,1.7,1.62,16,-0.25,2.11,2.05,1.86,1.8,2.41,3.14,3.44
I2,03/11/17,Pescara,Palermo,2,2,D,1,2,A,2.2,3.5,3.1,2.25,3.3,3.2,2.2,3.45,3,2.2,3.4,3,2.3,3.48,3.3,2.2,3.5,2.88,2.25,3.4,3.2,36,2.35,2.23,3.55,3.35,3.3,3.05,30,1.76,1.68,2.25,2.13,18,-0.25,2,1.95,1.94,1.9,2.42,3.38,3.17
I2,04/11/17,Brescia,Venezia,1,2,A,0,0,D,2.35,3,3.29,2.35,3,3.3,2.35,3.05,3.05,2.35,3,3,2.48,3.17,3.28,2.4,3,2.9,2.4,3,3.3,34,2.48,2.36,3.17,3.03,3.3,3.08,29,2.38,2.22,1.65,1.61,16,-0.25,2.11,2.03,1.86,1.82,2.63,2.98,3.23
I2,04/11/17,Carpi,Ascoli,4,2,H,2,2,D,1.8,3.39,4.75,1.9,3.3,4.33,1.8,3.25,4.45,1.85,3.2,4.4,1.92,3.37,4.84,1.8,3.25,4.5,1.85,3.25,5,35,1.92,1.84,3.39,3.22,5,4.47,29,2.38,2.28,1.66,1.58,17,-0.5,1.92,1.86,2.06,1.99,2.02,3.25,4.49
I2,04/11/17,Cittadella,Ternana,1,1,D,1,0,H,1.6,3.6,6,1.62,3.5,6.25,1.6,3.85,5.25,1.6,3.8,5.2,1.63,4,6.12,1.65,3.6,4.8,1.62,3.8,6,35,1.65,1.6,4,3.71,6.25,5.49,32,1.91,1.78,2.13,2,16,-1,2.16,2.07,1.82,1.76,1.61,4.16,6.11
I2,04/11/17,Foggia,Cremonese,2,3,A,2,2,D,2.1,3.2,3.6,2.15,3.3,3.4,2.05,3.55,3.2,2.1,3.5,3.1,2.18,3.58,3.48,2.15,3.3,3.1,2.1,3.5,3.5,35,2.18,2.11,3.6,3.35,3.6,3.26,30,1.72,1.65,2.29,2.16,16,-0.5,2.19,2.12,1.8,1.74,2.08,3.57,3.78
I2,04/11/17,Frosinone,Parma,2,1,H,2,1,H,1.72,3.6,4.75,1.8,3.3,5,1.75,3.45,4.6,1.75,3.3,4.5,1.83,3.49,5.26,1.85,3.2,4.2,1.8,3.4,5,35,1.85,1.77,3.6,3.33,5.27,4.71,33,2.2,2.07,1.77,1.71,16,-0.75,2.12,2.05,1.83,1.8,1.82,3.29,5.86
I2,04/11/17,Novara,Pro Vercelli,0,1,A,0,0,D,1.85,3.29,4.5,1.91,3.25,4.4,1.9,3.3,4.05,1.91,3.2,4,1.99,3.37,4.44,1.91,3.2,4,1.93,3.25,4.5,35,1.99,1.91,3.37,3.21,4.5,4.13,31,2.24,2.15,1.73,1.65,17,-0.5,1.99,1.93,1.96,1.91,2.17,3.1,4.14
I2,04/11/17,Salernitana,Bari,2,2,D,2,1,H,2.54,3.1,2.87,2.5,3.1,3,2.5,3.2,2.75,2.5,3.1,2.7,2.65,3.26,2.93,2.3,3.2,3,2.63,3.13,2.88,34,2.65,2.5,3.26,3.09,3,2.81,33,2.11,2.01,1.83,1.76,17,0,1.89,1.84,2.05,2.01,3.02,3.05,2.74
I2,04/11/17,Virtus Entella,Cesena,2,2,D,1,2,A,2.2,3.1,3.5,2.15,3.1,3.7,2.15,3.25,3.25,2.1,3.25,3.25,2.28,3.29,3.55,2.15,3.25,3.25,2.2,3.25,3.5,35,2.28,2.16,3.3,3.18,3.7,3.35,32,2.15,1.97,1.92,1.79,16,-0.5,2.26,2.17,1.75,1.71,2.43,3.18,3.33
I2,05/11/17,Empoli,Spezia,1,1,D,0,0,D,1.55,3.6,7,1.53,3.7,7.5,1.55,3.8,6,1.57,3.7,5.8,1.56,3.96,7.5,1.53,3.75,6,1.55,3.8,7,35,1.57,1.53,3.96,3.73,7.5,6.34,33,2.11,2.01,1.83,1.76,18,-1,2.07,2,1.9,1.83,1.75,3.21,7.04
I2,06/11/17,Perugia,Avellino,1,1,D,0,1,A,1.9,3.39,4,1.91,3.3,4.2,1.85,3.55,3.85,1.87,3.5,3.8,1.92,3.58,4.46,1.91,3.25,4,1.9,3.5,4.2,35,1.92,1.88,3.6,3.38,4.46,3.94,33,1.85,1.77,2.11,1.99,16,-0.5,1.95,1.9,2,1.94,1.8,3.72,4.98
I2,11/11/17,Avellino,Virtus Entella,0,0,D,0,0,D,2,3.2,4,2,3.3,3.7,2,3.35,3.6,2,3.3,3.6,2.03,3.41,4.18,1.95,3.2,3.8,2,3.3,4,35,2.04,1.98,3.41,3.27,4.18,3.77,34,1.97,1.89,1.98,1.87,17,-0.5,2.05,2,1.9,1.85,1.98,3.45,4.33
I2,11/11/17,Pro Vercelli,Empoli,2,1,H,1,1,D,3.6,3.1,2.14,3.25,3.2,2.2,3.3,3.2,2.15,3.2,3.2,2.15,3.66,3.27,2.25,3.1,3.1,2.25,3.5,3.2,2.2,35,3.66,3.3,3.27,3.15,2.25,2.18,34,2.1,2.01,1.87,1.76,16,0.25,2,1.94,1.94,1.9,4.06,3.29,2.1
I2,11/11/17,Spezia,Frosinone,1,1,D,0,0,D,2.79,3,2.7,2.9,2.95,2.6,2.8,2.95,2.6,2.75,2.9,2.62,2.98,2.99,2.83,2.88,2.9,2.5,2.9,2.9,2.75,35,3,2.82,3,2.91,2.85,2.64,29,2.52,2.39,1.57,1.53,17,0,2.03,1.97,1.92,1.87,3.29,3.05,2.54
I2,12/11/17,Ascoli,Foggia,0,2,A,0,0,D,2.5,3.2,2.87,2.4,3.2,2.95,2.35,3.35,2.8,2.35,3.4,2.75,2.49,3.33,3.1,2.4,3.3,2.7,2.45,3.4,2.9,34,2.5,2.38,3.4,3.25,3.1,2.85,31,1.78,1.71,2.18,2.07,15,0,1.81,1.75,2.16,2.1,3.28,3.47,2.31
I2,12/11/17,Bari,Pescara,1,0,H,0,0,D,1.83,3.5,4.33,1.85,3.7,3.8,1.85,3.8,3.65,1.87,3.6,3.6,1.95,3.65,4.19,1.83,3.75,3.75,1.93,3.6,3.9,33,1.95,1.87,3.85,3.56,4.33,3.81,28,1.62,1.56,2.5,2.33,16,-0.5,1.98,1.91,1.97,1.93,1.97,3.75,3.99
I2,12/11/17,Carpi,Brescia,1,1,D,1,1,D,2,3.1,4.2,2,3,4.2,2,3.15,3.85,2,3.1,3.75,2.09,3.08,4.48,2,3.2,3.75,2.05,3.1,4.2,33,2.09,2.01,3.2,3.06,4.48,3.95,26,2.35,2.27,1.63,1.57,15,-0.5,2.09,2.03,1.87,1.82,2.64,2.98,3.23
I2,12/11/17,Cesena,Salernitana,3,3,D,2,1,H,2.2,3,3.6,2.3,3.1,3.2,2.25,3.15,3.15,2.2,3.2,3.1,2.35,3.18,3.51,2.3,3.1,3,2.3,3.2,3.3,33,2.35,2.25,3.2,3.1,3.6,3.2,32,2.05,1.97,1.9,1.79,14,-0.25,2.01,1.97,1.92,1.88,2.06,3.39,4.08
I2,12/11/17,Cittadella,Parma,1,2,A,0,1,A,2,3.39,3.75,2.1,3.25,3.5,2,3.25,3.6,2.1,3.1,3.5,2.15,3.31,3.86,2.15,3.1,3.3,2.1,3.25,3.75,33,2.15,2.07,3.39,3.19,3.86,3.56,31,2.25,2.11,1.75,1.68,14,-0.5,2.17,2.08,1.83,1.78,2.2,3.18,3.9
I2,12/11/17,Cremonese,Palermo,1,2,A,1,1,D,2.37,3.2,3,2.4,3.1,3,2.35,3.15,2.95,2.35,3,3,2.43,3.17,3.31,2.3,3.1,3,2.4,3.1,3.2,34,2.48,2.36,3.2,3.06,3.31,3.04,30,2.29,2.14,1.71,1.66,15,0,1.76,1.7,2.25,2.18,2.65,3.21,2.98
I2,12/11/17,Ternana,Novara,1,1,D,0,0,D,2.29,3.1,3.2,2.35,3.1,3.1,2.3,3.25,2.95,2.3,3.1,3,2.46,3.08,3.41,2.3,3.1,3,2.38,3.1,3.25,33,2.46,2.31,3.3,3.08,3.41,3.11,31,2.19,2.06,1.8,1.72,14,0,1.72,1.66,2.32,2.25,2.37,3.14,3.52
I2,12/11/17,Venezia,Perugia,1,0,H,1,0,H,2.29,2.89,3.5,2.35,3.1,3.1,2.25,3.15,3.1,2.3,3.1,3,2.44,3.22,3.29,2.38,3.1,2.88,2.38,3.13,3.25,34,2.44,2.3,3.22,3.09,3.5,3.13,32,2.2,2.05,1.79,1.72,15,-0.25,2.08,2,1.89,1.84,2.45,3.2,3.28
I2,17/11/17,Frosinone,Avellino,1,1,D,0,1,A,1.53,3.75,7,1.57,3.75,6.5,1.55,3.95,5.5,1.53,3.8,5.75,1.58,4.01,6.9,1.57,3.8,5.5,1.53,4,7,36,1.59,1.54,4.01,3.83,7,6.08,35,1.88,1.81,2.04,1.95,19,-1,2.02,1.96,1.92,1.87,1.55,4.08,7.35
I2,18/11/17,Brescia,Spezia,1,1,D,0,0,D,2.25,3,3.5,2.2,2.9,3.8,2.25,2.95,3.3,2.25,3,3.3,2.38,3.03,3.64,2.25,3,3.3,2.38,2.9,3.5,36,2.38,2.26,3.03,2.94,3.8,3.41,29,2.57,2.46,1.54,1.5,17,-0.25,2.03,1.97,1.93,1.88,2.33,3.02,3.78
I2,18/11/17,Empoli,Cesena,5,3,H,1,0,H,1.53,4,6.5,1.6,3.6,6.25,1.55,4,5.25,1.57,3.9,5.2,1.57,4.14,6.85,1.57,3.8,5.5,1.57,3.9,6.5,36,1.6,1.55,4.15,3.86,6.85,5.72,33,1.75,1.68,2.26,2.13,19,-1,2.06,1.99,1.9,1.85,1.52,4.38,7.33
I2,18/11/17,Foggia,Ternana,1,1,D,0,1,A,1.64,3.75,5.25,1.67,3.8,5,1.65,4,4.4,1.7,3.8,4.33,1.74,3.82,5.33,1.67,3.6,4.8,1.7,3.8,5,36,1.74,1.67,4.05,3.74,5.5,4.75,30,1.58,1.55,1.58,1.55,17,-0.75,1.94,1.9,2.5,2.35,1.91,3.65,4.4
I2,18/11/17,Novara,Bari,1,2,A,0,0,D,2.75,3,2.75,2.75,3.1,2.7,2.6,3,2.75,2.65,3,2.65,2.89,2.99,2.89,2.75,3,2.6,2.8,3,2.8,36,2.89,2.7,3.1,2.96,2.89,2.72,29,2.42,2.29,1.62,1.58,18,0,1.96,1.92,1.97,1.92,2.82,2.96,3
I2,18/11/17,Parma,Ascoli,4,0,H,1,0,H,1.61,3.6,6,1.62,3.5,6.25,1.65,3.65,5.25,1.61,3.5,5.25,1.65,3.69,6.7,1.62,3.6,5.5,1.65,3.6,6.25,36,1.67,1.61,3.75,3.56,6.7,5.69,33,2.13,2.03,1.83,1.74,17,-1,2.28,2.18,1.74,1.7,1.5,4.13,8.53
I2,18/11/17,Perugia,Carpi,5,0,H,3,0,H,1.8,3.25,5,1.83,3.2,5,1.75,3.35,4.6,1.8,3.25,4.5,1.83,3.32,5.62,1.85,3.2,4.33,1.8,3.3,5.25,36,1.85,1.79,3.4,3.23,5.62,4.78,31,2.32,2.23,1.68,1.61,18,-0.5,1.85,1.81,2.12,2.05,1.75,3.41,6.17
I2,18/11/17,Pescara,Pro Vercelli,3,1,H,1,0,H,1.72,3.6,5,1.75,3.7,4.6,1.75,3.8,4.2,1.73,3.7,4.2,1.79,3.72,5.08,1.73,3.8,4.2,1.75,3.7,4.8,36,1.79,1.74,3.85,3.63,5.08,4.48,29,1.66,1.6,2.38,2.24,17,-0.75,2.02,1.97,1.92,1.87,1.62,4.2,5.93
I2,18/11/17,Virtus Entella,Venezia,0,0,D,0,0,D,2.5,3,3,2.55,3,3,2.5,3.05,2.85,2.5,3,2.8,2.71,2.97,3.13,2.5,2.9,3,2.6,3,3,36,2.71,2.51,3.1,2.97,3.13,2.93,31,2.3,2.22,1.69,1.62,18,0,1.83,1.79,2.12,2.06,3.15,3,2.67
I2,19/11/17,Salernitana,Cremonese,1,1,D,1,0,H,2.25,3,3.5,2.3,3.1,3.3,2.25,3.3,3,2.2,3.3,3,2.35,3.27,3.39,2.3,3.3,2.9,2.25,3.3,3.3,35,2.35,2.24,3.35,3.19,3.5,3.13,34,1.95,1.84,2.03,1.92,16,-0.25,2.01,1.96,1.93,1.88,2.48,3.23,3.2
I2,20/11/17,Palermo,Cittadella,0,3,A,0,1,A,1.83,3.39,4.5,1.8,3.3,5,1.8,3.4,4.4,1.8,3.3,4.4,1.83,3.44,5.37,1.85,3.25,4,1.8,3.4,5,35,1.85,1.8,3.45,3.32,5.37,4.54,32,2.16,2.08,1.8,1.7,15,-0.5,1.84,1.8,2.1,2.04,1.98,3.3,4.62
I2,24/11/17,Empoli,Frosinone,3,3,D,0,2,A,2.1,3.2,3.6,2.2,3.3,3.3,2.15,3.3,3.25,2.15,3.25,3.1,2.25,3.33,3.57,2.2,3.1,3.2,2.2,3.25,3.5,36,2.25,2.16,3.35,3.24,3.6,3.31,35,2,1.91,1.96,1.86,18,-0.5,2.24,2.17,1.77,1.71,2.25,3.39,3.5
I2,25/11/17,Ascoli,Cremonese,0,0,D,0,0,D,3.75,3.2,2.04,3.8,3.2,2.05,3.4,3.35,2.05,3.4,3.25,2.05,3.95,3.44,2.08,3.25,3.4,2.1,3.7,3.3,2.1,36,3.95,3.54,3.44,3.25,2.15,2.05,33,2.04,1.93,1.92,1.84,16,0.5,1.83,1.78,2.14,2.07,3.56,3.26,2.28
I2,25/11/17,Avellino,Palermo,1,3,A,0,1,A,2.75,3.25,2.54,2.75,3.2,2.6,2.75,3.15,2.55,2.75,3.1,2.5,2.93,3.25,2.66,2.8,3,2.5,2.88,3.1,2.63,36,2.93,2.78,3.25,3.08,2.66,2.54,32,2.16,2.1,1.78,1.7,18,0,2.05,2,1.89,1.85,3.15,3.02,2.66
I2,25/11/17,Carpi,Parma,2,1,H,2,1,H,2.7,3,2.75,2.75,2.95,2.8,2.7,2.95,2.7,2.7,2.9,2.7,2.8,3.07,2.92,2.62,3,2.62,2.8,2.9,2.88,36,2.8,2.71,3.07,2.89,2.92,2.74,29,2.55,2.44,1.6,1.52,17,0,1.96,1.91,1.99,1.93,3.27,2.91,2.69
I2,25/11/17,Cittadella,Salernitana,2,1,H,1,1,D,1.85,3.5,4.2,1.9,3.4,4.2,1.8,3.6,4.05,1.8,3.5,3.9,1.86,3.73,4.54,1.85,3.6,3.8,1.83,3.6,4.4,36,1.9,1.83,3.73,3.48,4.54,4.07,33,1.85,1.77,2.13,2,17,-0.5,1.89,1.84,2.07,2.01,1.69,3.82,5.81
I2,25/11/17,Pro Vercelli,Virtus Entella,1,1,D,0,1,A,2.2,3,3.6,2.2,3.1,3.5,2.1,3.15,3.45,2.15,3.1,3.3,2.25,3.29,3.61,2.2,3.1,3.3,2.2,3.1,3.7,36,2.25,2.17,3.29,3.12,3.7,3.38,30,2.26,2.18,1.69,1.64,16,-0.5,2.25,2.18,1.77,1.71,2.52,3.04,3.33
I2,25/11/17,Spezia,Pescara,4,0,H,1,0,H,2.2,3.5,3.1,2.3,3.3,3.1,2.2,3.35,3,2.2,3.3,3,2.3,3.52,3.28,2.25,3.4,2.88,2.3,3.3,3.25,36,2.32,2.23,3.52,3.3,3.28,3.06,34,1.92,1.81,2.1,1.96,16,-0.25,2.02,1.97,1.93,1.88,2.38,3.31,3.3
I2,25/11/17,Venezia,Novara,1,3,A,0,2,A,1.85,3.2,4.75,1.91,3.3,4.2,1.85,3.2,4.3,1.91,3.1,4.2,1.99,3.31,4.53,1.91,3,4.2,1.95,3.13,4.6,36,2.01,1.91,3.31,3.13,4.75,4.24,30,2.42,2.31,1.61,1.57,17,-0.5,2.02,1.95,1.94,1.9,1.94,3.21,5.04
I2,26/11/17,Bari,Foggia,1,0,H,0,0,D,1.75,3.75,4.33,1.72,4,4.4,1.7,3.9,4.35,1.67,3.75,4.4,1.71,3.95,5.36,1.73,3.75,4.33,1.7,3.8,5,34,1.75,1.69,4,3.75,5.36,4.59,29,1.65,1.6,2.33,2.25,16,-0.75,1.96,1.92,1.99,1.94,1.71,3.87,5.43
I2,26/11/17,Ternana,Perugia,1,1,D,1,0,H,2.7,3.2,2.6,2.75,3.2,2.6,2.65,3.2,2.55,2.62,3.1,2.55,2.78,3.29,2.77,2.7,3.1,2.5,2.8,3.1,2.7,35,2.8,2.67,3.29,3.12,2.77,2.6,33,2.11,1.98,1.91,1.79,17,0,2.01,1.94,1.96,1.9,3.12,3.18,2.55
I2,27/11/17,Cesena,Brescia,1,0,H,1,0,H,2.04,3.29,3.6,2.2,3.4,3.2,2.1,3.25,3.35,2.1,3.2,3.3,2.18,3.39,3.69,2.2,3.1,3.2,2.15,3.25,3.6,34,2.2,2.13,3.4,3.24,3.69,3.33,31,2,1.93,1.94,1.82,15,-0.25,1.91,1.86,2.05,1.99,2.22,3.28,3.7
I2,02/12/17,Brescia,Salernitana,2,0,H,0,0,D,2.2,3.1,3.5,2.2,3.2,3.4,2.2,3.2,3.2,2.2,3.1,3.2,2.31,3.17,3.62,2.3,3,3.1,2.3,3.13,3.4,34,2.33,2.23,3.2,3.09,3.62,3.31,30,2.2,2.11,1.8,1.7,17,-0.25,2,1.94,1.97,1.91,2.18,3.21,3.93
I2,02/12/17,Cremonese,Spezia,1,0,H,0,0,D,1.9,3.29,4.2,1.87,3.25,4.6,1.9,3.25,4.1,1.95,3.1,4,2,3.21,4.67,1.8,3.2,4.5,1.95,3.2,4.5,34,2,1.92,3.29,3.15,4.67,4.23,27,2.35,2.22,1.69,1.62,18,-0.5,2,1.95,1.94,1.89,2.31,3,3.86
I2,02/12/17,Foggia,Cittadella,1,3,A,1,2,A,2.04,3.29,3.6,2.2,3.4,3.2,2.1,3.55,3.1,2.1,3.4,3.1,2.24,3.42,3.53,2.1,3.4,3.3,2.15,3.5,3.3,34,2.26,2.14,3.6,3.36,3.6,3.24,28,1.72,1.64,2.29,2.2,17,-0.5,2.24,2.16,1.79,1.72,3.17,3.53,2.35
I2,02/12/17,Frosinone,Cesena,3,3,D,2,2,D,1.5,4,6.5,1.48,4.2,7,1.5,4.05,5.75,1.5,4,6,1.51,4.39,7.47,1.5,3.8,6,1.5,4.1,7,34,1.53,1.49,4.39,4.04,7.47,6.37,29,1.8,1.75,2.17,2.04,19,-1,1.95,1.89,1.99,1.95,1.62,3.96,6.5
I2,02/12/17,Novara,Empoli,1,1,D,0,0,D,2.89,3,2.54,2.95,3,2.55,2.75,3.15,2.5,2.7,3.2,2.5,2.99,3.19,2.66,2.8,3,2.5,2.88,3.13,2.63,34,2.99,2.81,3.2,3.08,2.66,2.53,31,2.03,1.96,1.89,1.81,18,0,2.07,2.01,1.88,1.84,3.27,3.23,2.44
I2,02/12/17,Palermo,Venezia,0,0,D,0,0,D,1.85,3.29,4.5,1.8,3.4,4.75,1.8,3.2,4.55,1.85,3.2,4.4,1.88,3.26,5.42,1.8,3.1,4.6,1.87,3.2,5,34,1.91,1.83,3.4,3.19,5.42,4.65,30,2.46,2.32,1.6,1.56,18,-0.5,1.92,1.87,2.04,1.98,1.99,3.21,4.73
I2,02/12/17,Parma,Pro Vercelli,3,0,H,0,0,D,1.53,3.79,6.5,1.55,3.6,7.25,1.55,3.75,5.75,1.57,3.6,6,1.57,3.81,7.54,1.57,3.4,6,1.55,3.8,7,34,1.59,1.55,3.85,3.69,7.54,6.29,30,2.16,2.06,1.83,1.73,18,-1,2.1,2.03,1.85,1.81,1.76,3.38,6.25
I2,02/12/17,Pescara,Ternana,3,3,D,2,0,H,1.66,4,4.75,1.62,3.8,5.5,1.65,4.1,4.35,1.67,3.8,4.5,1.74,3.86,5.26,1.67,4,4.33,1.67,3.8,5.4,34,1.74,1.66,4.15,3.8,5.5,4.75,29,1.59,1.54,2.5,2.37,17,-0.75,1.93,1.87,2.03,1.98,1.89,3.87,4.19
I2,03/12/17,Avellino,Carpi,1,1,D,1,0,H,2.04,3.2,3.79,2.1,3.2,3.7,2.05,3.15,3.6,2.1,3.1,3.5,2.19,3.19,3.92,2.15,3,3.4,2.15,3.1,3.8,33,2.19,2.08,3.25,3.14,3.92,3.59,27,2.32,2.24,1.66,1.6,16,-0.5,2.19,2.11,1.8,1.75,2.03,3.25,4.44
I2,03/12/17,Virtus Entella,Bari,3,1,H,2,0,H,3,3.2,2.37,2.95,3.2,2.45,2.85,3.25,2.35,2.8,3.2,2.37,3.17,3.13,2.56,2.8,3.2,2.38,3,3.2,2.45,33,3.17,2.93,3.3,3.1,2.56,2.42,30,2.04,1.95,1.91,1.82,16,0.25,1.81,1.77,2.16,2.1,3.28,3.01,2.58
I2,04/12/17,Perugia,Ascoli,1,0,H,0,0,D,1.53,4,6,1.53,4.2,6,1.55,4,5.25,1.57,3.9,5.25,1.6,3.99,6.71,1.57,3.8,5.5,1.55,4,6.5,33,1.6,1.55,4.2,3.92,6.71,5.71,29,1.79,1.72,2.17,2.06,17,-1,2.06,1.99,1.92,1.85,1.57,4.05,6.97
I2,08/12/17,Cesena,Pescara,4,2,H,0,0,D,2.29,3.39,3,2.3,3.4,3,2.25,3.55,2.8,2.25,3.5,2.75,2.4,3.56,3.05,2.15,3.6,2.9,2.38,3.5,2.9,38,2.4,2.28,3.6,3.45,3.15,2.89,32,1.59,1.55,1.62,1.55,22,-0.25,2.07,2.02,2.5,2.37,2.56,3.52,2.86
I2,08/12/17,Novara,Cremonese,1,1,D,0,1,A,2.25,3.1,3.39,2.35,3,3.3,2.25,3.1,3.15,,,,2.44,3.11,3.4,2.3,3,3.1,2.38,3.1,3.3,38,2.47,2.32,3.2,3.08,3.4,3.16,33,2.26,2.16,1.73,1.67,22,-0.25,2.04,1.99,1.89,1.84,2.48,3.1,3.34
I2,08/12/17,Spezia,Foggia,1,0,H,1,0,H,1.95,3.5,3.79,1.9,3.4,4.2,1.95,3.45,3.65,1.95,3.4,3.7,2.01,3.52,4.08,1.91,3.4,3.75,2,3.4,4,38,2.02,1.94,3.52,3.36,4.25,3.86,33,1.95,1.85,2,1.92,22,-0.5,2.02,1.96,1.94,1.88,1.89,3.46,4.8
I2,08/12/17,Ternana,Parma,1,1,D,0,1,A,3.25,3.1,2.29,3.2,3.1,2.35,3.05,3.15,2.3,,,,3.36,3,2.53,3,3.1,2.3,3.25,3.1,2.38,38,3.43,3.12,3.2,3.05,2.53,2.36,31,2.21,2.09,1.77,1.71,21,0.25,1.85,1.8,2.19,2.03,3.32,3.09,2.5
I2,09/12/17,Ascoli,Virtus Entella,1,1,D,1,0,H,2.29,3.1,3.25,2.4,3,3.25,2.35,3.1,3,2.35,3.1,3,2.54,3.23,3.11,2.38,3,3,2.45,3,3.2,38,2.54,2.37,3.23,3.08,3.25,3.03,30,2.25,2.15,1.74,1.66,21,-0.25,2.11,2.04,1.85,1.79,2.78,3.08,2.94
I2,09/12/17,Cittadella,Avellino,2,2,D,1,1,D,1.66,3.5,5.5,1.65,3.6,5.75,1.7,3.7,4.65,1.7,3.6,4.6,1.73,3.74,5.57,1.73,3.6,4.5,1.73,3.6,5.25,38,1.75,1.69,3.75,3.59,5.75,4.9,31,1.88,1.81,2.06,1.96,21,-0.75,1.98,1.91,1.98,1.91,1.68,3.6,6.47
I2,09/12/17,Empoli,Carpi,1,0,H,1,0,H,1.66,3.5,5.5,1.67,3.75,5.25,1.65,3.6,5,1.66,3.5,5,1.67,3.86,6,1.67,3.6,5,1.67,3.6,5.75,38,1.68,1.65,3.86,3.58,6,5.26,32,2.1,1.99,1.88,1.78,21,-0.75,1.92,1.86,2.04,1.96,1.6,3.78,7.45
I2,09/12/17,Frosinone,Brescia,2,0,H,1,0,H,1.57,3.5,7,1.6,3.7,6.25,1.6,3.8,5.5,1.57,3.7,5.5,1.6,4.01,6.68,1.62,3.75,5.5,1.6,3.7,6.5,38,1.62,1.58,4.01,3.73,7,5.86,32,2.05,1.97,1.91,1.8,21,-1,2.16,2.06,1.81,1.76,1.75,3.59,5.66
I2,09/12/17,Salernitana,Perugia,1,1,D,0,0,D,2.14,3.39,3.29,2.15,3.2,3.6,2.1,3.25,3.3,2.15,3.2,3.2,2.2,3.38,3.66,2.2,3.1,3.1,2.2,3.2,3.5,38,2.23,2.15,3.39,3.21,3.66,3.35,32,2.06,1.98,1.91,1.8,21,-0.25,1.93,1.87,2,1.95,2.36,3.15,3.53
I2,09/12/17,Venezia,Pro Vercelli,1,1,D,1,1,D,1.8,3.25,5,1.83,3.3,4.75,1.75,3.35,4.7,1.8,3.25,4.5,1.83,3.5,5.19,1.85,3.1,4.4,1.8,3.3,5.2,38,1.88,1.8,3.5,3.29,5.2,4.67,29,2.3,2.21,1.7,1.63,21,-0.5,1.86,1.8,2.11,2.03,2.05,3.29,4.3
I2,10/12/17,Bari,Palermo,0,3,A,0,0,D,2.1,3.1,3.75,2.05,3.1,4,2.05,3.2,3.65,2.05,3.1,3.6,2.14,3.15,4.15,2.05,3.1,3.75,2.1,3.1,4,36,2.14,2.07,3.25,3.1,4.15,3.68,29,2.34,2.23,1.65,1.61,20,-0.25,1.84,1.79,2.12,2.04,2.27,3.05,3.9
I2,15/12/17,Foggia,Venezia,2,2,D,0,1,A,2.14,3.39,3.25,2.15,3.4,3.3,2.1,3.45,3.25,2.1,3.4,3.2,2.18,3.61,3.46,2.1,3.5,3.25,2.15,3.4,3.5,35,2.21,2.12,3.61,3.41,3.5,3.24,34,1.83,1.75,2.12,2.04,18,-0.25,1.91,1.85,2.05,1.99,2.07,3.57,3.82
I2,16/12/17,Avellino,Ascoli,1,1,D,0,1,A,1.75,3.5,4.75,1.8,3.4,4.75,1.75,3.45,4.4,1.8,3.3,4.33,1.83,3.43,5.32,1.83,3.4,4.33,1.8,3.4,5,35,1.85,1.8,3.5,3.34,5.32,4.55,33,2.11,2.02,1.86,1.75,18,-0.5,1.86,1.81,2.1,2.03,1.84,3.58,4.92
I2,16/12/17,Carpi,Frosinone,1,1,D,0,0,D,3.1,3.1,2.39,2.95,3,2.55,3.05,3,2.4,3.1,3,2.35,3.31,3.05,2.54,2.9,3.1,2.5,3.3,3,2.4,35,3.32,3.07,3.1,3,2.55,2.41,30,2.46,2.29,1.62,1.58,18,0.25,1.85,1.79,2.09,2.04,4.13,3.01,2.19
I2,16/12/17,Cremonese,Empoli,1,1,D,0,1,A,2.45,3.1,3,2.55,3,2.95,2.5,3.15,2.75,2.5,3.2,2.7,2.7,3.24,2.89,2.5,3.25,2.75,2.6,3.13,2.9,35,2.7,2.52,3.25,3.11,3,2.79,34,2.05,1.94,1.93,1.82,17,-0.25,2.31,2.2,1.73,1.68,2.98,3.13,2.7
I2,16/12/17,Palermo,Ternana,1,0,H,1,0,H,1.57,3.75,6,1.57,3.8,6.25,1.55,3.75,5.5,1.57,3.7,5.75,1.62,3.89,6.6,1.62,3.75,5.5,1.6,3.75,6.5,35,1.62,1.58,3.89,3.7,6.63,5.86,34,2.1,2,1.87,1.77,19,-1,2.16,2.07,1.83,1.77,1.68,3.8,6.05
I2,16/12/17,Parma,Cesena,0,0,D,0,0,D,1.66,3.5,5.5,1.7,3.7,5,1.7,3.7,4.6,1.67,3.6,4.6,1.74,3.77,5.45,1.7,3.75,4.6,1.7,3.6,5.4,35,1.75,1.69,3.77,3.6,5.5,4.87,34,1.85,1.8,2.08,1.97,18,-0.75,1.98,1.91,1.99,1.92,1.76,3.65,5.44
I2,16/12/17,Perugia,Bari,1,3,A,1,2,A,2.25,3.2,3.2,2.3,3,3.4,2.25,3.15,3.15,2.25,3.1,3.1,2.4,3.22,3.36,2.25,3.1,3.3,2.38,3.1,3.3,35,2.45,2.29,3.22,3.1,3.4,3.18,34,2.25,2.11,1.76,1.69,18,-0.25,2.05,1.98,1.93,1.84,2.19,3.2,3.91
I2,16/12/17,Pro Vercelli,Spezia,0,2,A,0,1,A,2.62,3.1,2.79,2.6,2.95,2.95,2.55,2.95,2.85,2.6,2.9,2.8,2.72,2.98,3.11,2.62,2.9,2.9,2.7,2.88,3,35,2.75,2.6,3.1,2.91,3.14,2.88,30,2.64,2.48,1.53,1.49,17,-0.25,2.29,2.21,1.73,1.67,2.8,2.9,3.09
I2,16/12/17,Virtus Entella,Salernitana,0,2,A,0,1,A,2.29,3.1,3.25,2.3,3.1,3.3,2.25,3.15,3.15,2.2,3.2,3.1,2.39,3.17,3.44,2.25,3.25,3.1,2.3,3.13,3.4,35,2.4,2.27,3.3,3.12,3.44,3.18,34,2.15,2.03,1.84,1.74,18,-0.25,2.02,1.95,1.94,1.88,2.23,3.19,3.79
I2,17/12/17,Brescia,Cittadella,1,1,D,1,0,H,2.5,3.1,2.89,2.65,3,2.85,2.55,3.15,2.7,2.6,3.1,2.62,2.79,3.16,2.85,2.62,2.9,2.9,2.75,3.13,2.75,34,2.79,2.6,3.2,3.07,2.9,2.73,31,2.13,2.03,1.84,1.74,16,-0.25,2.36,2.25,1.7,1.65,3.26,3.1,2.53
I2,17/12/17,Pescara,Novara,1,0,H,1,0,H,2,3.5,3.6,2,3.4,3.7,1.95,3.6,3.45,1.95,3.5,3.4,2.05,3.53,3.93,1.95,3.6,3.6,2,3.5,3.8,34,2.05,1.97,3.65,3.44,3.93,3.56,29,1.71,1.65,2.23,2.15,17,-0.5,2.05,1.98,1.92,1.85,1.89,3.97,4.08
I2,20/12/17,Venezia,Cremonese,1,1,D,0,0,D,2.29,3.1,3.29,2.3,3.1,3.3,2.25,3.1,3.15,2.25,3,3.2,2.35,3.2,3.49,2.3,3.2,3.2,2.38,3,3.4,36,2.38,2.27,3.26,3.11,3.49,3.19,33,2.3,2.17,1.73,1.65,18,-0.25,2.04,1.97,1.94,1.85,2.47,3.04,3.44
I2,21/12/17,Ascoli,Pescara,1,1,D,0,1,A,3.1,3.5,2.2,3,3.5,2.25,2.85,3.55,2.25,2.87,3.4,2.2,3.12,3.53,2.37,3,3.5,2.25,3,3.5,2.3,35,3.12,2.92,3.6,3.43,2.37,2.25,31,1.64,1.57,2.38,2.29,17,0.25,1.9,1.84,2.04,1.98,3.66,3.75,2.06
I2,21/12/17,Bari,Parma,0,0,D,0,0,D,2.1,3.29,3.5,2.1,3.3,3.5,2.05,3.25,3.6,2.05,3.1,3.5,2.12,3.26,4.06,2.1,3.3,3.5,2.1,3.2,3.9,35,2.15,2.07,3.3,3.22,4.06,3.53,33,2.19,2.09,1.76,1.69,17,-0.25,1.82,1.77,2.13,2.06,2.51,2.98,3.42
I2,21/12/17,Cesena,Palermo,1,1,D,1,1,D,3.29,3.25,2.2,3.25,3.1,2.35,3.2,3.15,2.2,3.2,3.1,2.2,3.52,3.27,2.3,3.3,3.2,2.25,3.5,3.13,2.25,35,3.52,3.21,3.27,3.15,2.35,2.23,33,2.23,2.13,1.75,1.67,17,0.25,1.96,1.9,2,1.93,3.11,3.07,2.65
I2,21/12/17,Cittadella,Carpi,0,1,A,0,1,A,1.64,3.5,5.75,1.72,3.5,5.25,1.65,3.55,5.25,1.7,3.4,5,1.72,3.71,5.69,1.73,3.4,5.5,1.7,3.5,5.75,35,1.73,1.68,3.71,3.49,5.75,5.13,33,2.2,2.12,1.75,1.68,17,-0.75,1.97,1.91,1.97,1.92,1.81,3.46,5.46
I2,21/12/17,Empoli,Brescia,1,1,D,0,0,D,1.57,3.5,7,1.55,3.7,7,1.55,3.8,5.75,1.57,3.7,5.75,1.58,4,7.06,1.57,3.75,6.5,1.55,3.8,7,35,1.58,1.55,4,3.73,7.06,6.14,33,2.07,1.99,1.89,1.78,19,-1,2.09,2.01,1.87,1.81,1.52,4.29,7.39
I2,21/12/17,Frosinone,Virtus Entella,4,3,H,1,1,D,1.57,3.6,6.5,1.57,3.7,6.5,1.55,3.9,5.5,1.57,3.8,5.75,1.58,4.07,6.85,1.57,3.75,6.5,1.57,3.9,6.5,35,1.58,1.55,4.07,3.81,6.85,5.84,35,1.92,1.84,2.01,1.91,19,-1,2.07,2,1.88,1.82,1.56,4.04,7.32
I2,21/12/17,Novara,Perugia,1,1,D,0,0,D,2.6,3.25,2.7,2.6,3.1,2.85,2.55,3.1,2.7,2.55,3,2.7,2.72,3.16,2.94,2.62,3.1,2.75,2.7,3.1,2.8,35,2.72,2.58,3.25,3.09,2.94,2.73,34,2.25,2.15,1.73,1.67,17,-0.25,2.31,2.23,1.71,1.66,2.6,3.08,3.18
I2,21/12/17,Salernitana,Foggia,0,3,A,0,0,D,2.04,3.39,3.5,2,3.5,3.6,2.05,3.55,3.25,2.05,3.5,3.2,2.09,3.6,3.66,2.05,3.5,3.4,2.1,3.5,3.5,35,2.1,2.04,3.6,3.49,3.66,3.33,32,1.67,1.61,2.31,2.22,17,-0.5,2.11,2.05,1.85,1.79,2.14,3.49,3.61
I2,21/12/17,Spezia,Avellino,1,0,H,1,0,H,1.83,3.39,4.5,1.85,3.3,4.6,1.8,3.25,4.5,1.87,3.1,4.33,1.89,3.3,5.17,1.8,3.25,5,1.87,3.2,5,35,1.91,1.84,3.39,3.22,5.17,4.5,31,2.55,2.41,1.55,1.52,17,-0.5,1.9,1.86,2.03,1.97,1.93,3.18,5.23
I2,21/12/17,Ternana,Pro Vercelli,4,3,H,3,1,H,2.04,3.29,3.7,2.05,3.25,3.75,2.1,3.2,3.45,2.1,3.1,3.4,2.21,3.34,3.67,2.1,3.25,3.6,2.15,3.13,3.8,35,2.21,2.11,3.34,3.21,3.8,3.47,33,2.25,2.1,1.77,1.69,17,-0.25,1.89,1.82,2.08,2.01,2.45,3.14,3.36
I2,27/12/17,Parma,Spezia,0,0,D,0,0,D,1.85,3.29,4.5,1.87,3.2,4.5,1.8,3.15,4.8,1.83,3.1,4.5,1.88,3.27,5.38,1.91,3.25,4.2,1.85,3.13,5.2,34,1.91,1.84,3.29,3.18,5.38,4.58,30,2.6,2.41,1.55,1.52,17,-0.5,1.9,1.84,2.05,1.99,2.01,2.99,5.13
I2,28/12/17,Avellino,Ternana,2,1,H,1,0,H,2.04,3.29,3.6,2.05,3.3,3.6,2.05,3.2,3.6,2.05,3.2,3.4,2.14,3.35,3.85,2.05,3.25,3.5,2.1,3.2,3.8,34,2.14,2.06,3.35,3.22,3.85,3.53,30,2.13,2.03,1.84,1.74,16,-0.25,1.85,1.79,2.11,2.03,1.94,3.46,4.5
I2,28/12/17,Brescia,Ascoli,0,1,A,0,1,A,1.8,3.39,4.75,1.83,3.3,4.6,1.8,3.4,4.5,1.8,3.25,4.5,1.85,3.49,5.07,1.8,3.25,4.5,1.8,3.3,5.2,34,1.85,1.8,3.49,3.33,5.2,4.55,30,2.24,2.14,1.72,1.66,16,-0.5,1.85,1.8,2.11,2.03,1.67,3.75,6.24
I2,28/12/17,Carpi,Bari,0,0,D,0,0,D,2.39,3.1,3.1,2.55,3,2.9,2.45,3.05,2.9,2.5,3,2.87,2.65,3.1,3.07,2.5,3,2.88,2.63,2.9,3,34,2.65,2.49,3.1,2.99,3.1,2.93,30,2.44,2.31,1.6,1.56,15,-0.25,2.22,2.12,1.8,1.71,2.96,2.88,2.98
I2,28/12/17,Cremonese,Cesena,1,0,H,0,0,D,2.04,3.2,3.75,2.05,3.2,3.7,2,3.25,3.65,2.05,3.2,3.5,2.1,3.4,3.92,2.1,3.3,3.3,2.05,3.25,3.9,34,2.12,2.04,3.4,3.24,3.92,3.57,30,2.13,2.02,1.83,1.75,16,-0.5,2.1,2.04,1.84,1.79,1.78,3.54,5.56
I2,28/12/17,Foggia,Frosinone,1,2,A,1,0,H,3.25,3.39,2.14,3.2,3.2,2.25,3,3.4,2.2,2.9,3.4,2.2,3.26,3.52,2.3,2.9,3.3,2.3,3.2,3.4,2.25,34,3.26,3.02,3.52,3.34,2.4,2.24,32,1.77,1.69,2.21,2.09,17,0.25,1.94,1.88,2,1.94,4.06,3.6,1.99
I2,28/12/17,Palermo,Salernitana,3,0,H,1,0,H,1.72,3.39,5.25,1.72,3.4,5.25,1.7,3.5,4.75,1.73,3.4,4.6,1.76,3.63,5.46,1.73,3.5,4.6,1.75,3.6,4.8,34,1.77,1.72,3.63,3.49,5.46,4.79,30,2.13,2.02,1.84,1.74,17,-0.75,2.02,1.96,1.93,1.86,1.57,3.89,7.63
I2,28/12/17,Perugia,Empoli,2,4,A,1,3,A,2.5,3.2,2.87,2.5,3.1,2.9,2.45,3.15,2.8,2.45,3.2,2.75,2.56,3.35,2.97,2.5,3.1,2.8,2.55,3.2,2.9,34,2.6,2.47,3.35,3.13,3.05,2.83,32,2.01,1.93,1.92,1.82,15,-0.25,2.19,2.11,1.8,1.72,2.7,3.16,2.95
I2,28/12/17,Pescara,Venezia,1,0,H,0,0,D,2.04,3.5,3.39,2.1,3.3,3.4,2.05,3.5,3.25,2.05,3.4,3.25,2.16,3.58,3.55,2.05,3.6,3.2,2.15,3.4,3.4,34,2.16,2.07,3.6,3.43,3.55,3.27,31,1.75,1.69,2.19,2.1,17,-0.25,1.89,1.83,2.06,1.99,2.03,3.77,3.83
I2,28/12/17,Pro Vercelli,Cittadella,1,2,A,0,1,A,3,3.2,2.39,3,3.1,2.4,2.9,3.15,2.4,2.9,3,2.37,3.16,3.23,2.5,2.88,3.1,2.45,3.13,3.1,2.45,34,3.16,2.94,3.23,3.1,2.55,2.41,30,2.23,2.13,1.74,1.67,17,0.25,1.85,1.77,2.13,2.07,3.38,3.28,2.36
I2,28/12/17,Virtus Entella,Novara,2,1,H,0,1,A,2.37,3.1,3.1,2.4,3.1,3,2.35,3.1,3.05,2.35,3,3,2.39,3.25,3.34,2.3,3.2,3,2.3,3.2,3.3,34,2.42,2.34,3.25,3.09,3.34,3.07,30,2.27,2.15,1.74,1.65,17,-0.25,2.11,2.04,1.87,1.79,2.44,3.08,3.45
